0.000000 1524.000000 0.000000 216.924731 206.494624
406.000000 1524.000000 0.000000 243.560669 181.129707
812.000000 1524.000000 0.000000 267.601896 158.919431
1218.000000 1524.000000 0.000000 289.513812 138.469613
1624.000000 1524.000000 0.000000 309.741935 120.438710
2030.000000 1524.000000 0.000000 328.314685 104.020979
2436.000000 1524.000000 0.000000 345.263636 89.054545
2842.000000 1524.000000 0.000000 360.184466 75.912621
0.000000 1016.000000 0.000000 258.281346 213.996942
406.000000 1016.000000 0.000000 284.240550 186.865979
812.000000 1016.000000 0.000000 307.842975 162.814050
1218.000000 1016.000000 0.000000 329.024038 141.274038
1624.000000 1016.000000 0.000000 348.404624 122.317919
2030.000000 1016.000000 0.000000 365.921053 105.026316
2436.000000 1016.000000 0.000000 381.575758 89.545455
2842.000000 1016.000000 0.000000 395.590909 76.045455
0.000000 508.000000 0.000000 305.136364 222.406699
406.000000 508.000000 0.000000 330.195335 193.244898
812.000000 508.000000 0.000000 352.553265 167.835052
1218.000000 508.000000 0.000000 372.848980 144.751020
1624.000000 508.000000 0.000000 390.788462 124.567308
2030.000000 508.000000 0.000000 406.395604 106.774725
2436.000000 508.000000 0.000000 421.041958 90.524476
2842.000000 508.000000 0.000000 434.281250 76.265625
0.000000 0.000000 0.000000 359.960317 232.283730
406.000000 0.000000 0.000000 383.062201 200.863636
812.000000 0.000000 0.000000 403.469208 173.457478
1218.000000 0.000000 0.000000 421.591549 149.204225
1624.000000 0.000000 0.000000 437.042553 127.604255
2030.000000 0.000000 0.000000 451.050000 108.875000
2436.000000 0.000000 0.000000 463.941176 91.935294
2842.000000 0.000000 0.000000 475.074627 77.119403
