2842.000000 0.000000 0.000000 131.492386 190.543147
2436.000000 0.000000 0.000000 161.252874 175.839080
2030.000000 0.000000 0.000000 189.477124 162.732026
1624.000000 0.000000 0.000000 215.110294 150.889706
1218.000000 0.000000 0.000000 238.629310 140.155172
812.000000 0.000000 0.000000 260.336735 130.653061
406.000000 0.000000 0.000000 279.576471 122.447059
0.000000 0.000000 0.000000 297.880000 115.053333
2842.000000 508.000000 0.000000 153.395062 209.000000
2436.000000 508.000000 0.000000 184.775229 192.059633
2030.000000 508.000000 0.000000 214.182796 177.338710
1624.000000 508.000000 0.000000 240.186335 164.130435
1218.000000 508.000000 0.000000 264.326241 152.219858
812.000000 508.000000 0.000000 286.262712 141.864407
406.000000 508.000000 0.000000 305.843137 132.696078
0.000000 508.000000 0.000000 323.344828 124.471264
2842.000000 1016.000000 0.000000 180.062893 231.141509
2436.000000 1016.000000 0.000000 212.779783 211.866426
2030.000000 1016.000000 0.000000 242.510823 194.458874
1624.000000 1016.000000 0.000000 269.470297 179.272277
1218.000000 1016.000000 0.000000 293.292398 165.912281
812.000000 1016.000000 0.000000 314.707143 154.450000
406.000000 1016.000000 0.000000 333.752066 143.983471
0.000000 1016.000000 0.000000 350.757576 134.898990
2842.000000 1524.000000 0.000000 212.081340 256.729665
2436.000000 1524.000000 0.000000 245.917847 234.453258
2030.000000 1524.000000 0.000000 276.505085 214.705085
1624.000000 1524.000000 0.000000 303.046025 197.451883
1218.000000 1524.000000 0.000000 326.504950 182.163366
812.000000 1524.000000 0.000000 346.969325 168.840491
406.000000 1524.000000 0.000000 365.021898 157.080292
0.000000 1524.000000 0.000000 381.189189 147.198198
