2842.000000 1524.000000 0.000000 163.370629 98.132867
2842.000000 1016.000000 0.000000 200.232000 82.744000
2842.000000 508.000000 0.000000 234.377193 68.254386
2842.000000 0.000000 0.000000 265.823529 55.421569
2436.000000 1524.000000 0.000000 180.491018 107.640719
2436.000000 1016.000000 0.000000 218.358621 90.965517
2436.000000 508.000000 0.000000 253.725191 75.458015
2436.000000 0.000000 0.000000 285.798319 61.815126
2030.000000 1524.000000 0.000000 199.696970 118.429293
2030.000000 1016.000000 0.000000 239.097143 100.125714
2030.000000 508.000000 0.000000 275.090909 83.948052
2030.000000 0.000000 0.000000 307.686131 69.445255
1624.000000 1524.000000 0.000000 221.122807 130.258772
1624.000000 1016.000000 0.000000 262.211055 110.281407
1624.000000 508.000000 0.000000 298.462428 92.930636
1624.000000 0.000000 0.000000 331.500000 77.500000
1218.000000 1524.000000 0.000000 245.433824 143.367647
1218.000000 1016.000000 0.000000 287.136929 121.775934
1218.000000 508.000000 0.000000 324.563725 103.171569
1218.000000 0.000000 0.000000 358.231638 86.632768
812.000000 1524.000000 0.000000 273.302115 158.586103
812.000000 1016.000000 0.000000 315.681979 135.095406
812.000000 508.000000 0.000000 353.271186 115.050847
812.000000 0.000000 0.000000 387.135678 96.819095
406.000000 1524.000000 0.000000 304.506361 175.325700
406.000000 1016.000000 0.000000 347.672619 149.741071
406.000000 508.000000 0.000000 384.827206 127.702206
406.000000 0.000000 0.000000 418.170306 108.227074
0.000000 1524.000000 0.000000 339.928571 195.168067
0.000000 1016.000000 0.000000 383.540816 166.497449
0.000000 508.000000 0.000000 420.310127 142.224684
0.000000 0.000000 0.000000 452.678161 120.770115
