40 22
49 22
58 22
67 22
76 22
85 22
94 22
112 22
121 22
139 22
148 22
157 22
175 22
184 22
193 22
202 22
220 22
229 22
238 22
247 22
274 22
292 22
301 22
328 22
337 22
364 22
382 22
391 22
418 22
427 22
436 22
445 22
454 22
463 22
472 22
481 22
490 22
508 22
517 22
526 22
535 22
544 22
553 22
562 22
580 22
589 22
598 22
40 37
49 37
58 37
67 37
76 37
103 37
112 37
139 37
148 37
166 37
175 37
184 37
193 37
202 37
247 37
256 37
265 37
274 37
292 37
301 37
310 37
319 37
328 37
337 37
346 37
364 37
373 37
382 37
391 37
418 37
427 37
436 37
445 37
463 37
472 37
481 37
499 37
508 37
526 37
535 37
544 37
553 37
562 37
571 37
580 37
607 37
49 52
67 52
85 52
103 52
112 52
121 52
130 52
139 52
148 52
157 52
184 52
193 52
202 52
211 52
238 52
247 52
274 52
283 52
301 52
310 52
319 52
328 52
337 52
346 52
400 52
418 52
427 52
436 52
445 52
463 52
472 52
481 52
490 52
508 52
517 52
526 52
535 52
544 52
553 52
562 52
580 52
40 67
49 67
67 67
76 67
85 67
94 67
103 67
130 67
148 67
157 67
166 67
94 82
148 82
157 82
67 97
67 112
76 112
103 112
112 112
130 112
139 112
148 112
157 112
166 112
184 112
193 112
211 112
220 112
229 112
238 112
256 112
265 112
292 112
301 112
310 112
328 112
337 112
346 112
355 112
400 112
418 112
427 112
436 112
454 112
463 112
472 112
499 112
508 112
517 112
526 112
535 112
544 112
553 112
562 112
571 112
580 112
589 112
40 127
49 127
67 127
76 127
85 127
94 127
103 127
112 127
121 127
139 127
148 127
157 127
175 127
184 127
193 127
211 127
220 127
229 127
256 127
265 127
283 127
292 127
301 127
310 127
319 127
328 127
337 127
355 127
364 127
373 127
391 127
409 127
418 127
445 127
463 127
472 127
490 127
508 127
526 127
535 127
553 127
562 127
571 127
580 127
589 127
40 142
49 142
58 142
67 142
76 142
103 142
112 142
130 142
148 142
157 142
166 142
175 142
184 142
193 142
202 142
229 142
238 142
256 142
283 142
301 142
310 142
319 142
328 142
346 142
382 142
391 142
400 142
409 142
418 142
427 142
481 142
517 142
526 142
535 142
553 142
562 142
571 142
580 142
589 142
598 142
625 142
49 157
58 157
76 157
85 157
94 157
103 157
112 157
121 157
130 157
139 157
148 157
175 157
184 157
193 157
202 157
211 157
220 157
247 157
256 157
265 157
283 157
292 157
310 157
319 157
337 157
355 157
364 157
373 157
391 157
400 157
418 157
427 157
463 157
481 157
490 157
517 157
526 157
535 157
544 157
553 157
571 157
580 157
598 157
616 157
625 157
40 172
49 172
58 172
67 172
76 172
85 172
121 172
130 172
139 172
157 172
166 172
175 172
184 172
193 172
202 172
211 172
220 172
247 172
256 172
67 202
76 202
85 202
94 202
112 202
121 202
139 202
148 202
157 202
184 202
193 202
202 202
220 202
229 202
238 202
247 202
274 202
292 202
301 202
319 202
328 202
346 202
355 202
364 202
391 202
400 202
427 202
436 202
445 202
454 202
463 202
472 202
508 202
526 202
535 202
544 202
553 202
562 202
571 202
589 202
598 202
40 217
49 217
67 217
76 217
85 217
103 217
112 217
121 217
139 217
157 217
166 217
175 217
184 217
193 217
211 217
220 217
229 217
283 217
292 217
301 217
310 217
319 217
337 217
355 217
364 217
373 217
400 217
409 217
418 217
427 217
445 217
454 217
463 217
490 217
499 217
517 217
544 217
571 217
598 217
607 217
58 232
67 232
76 232
112 232
184 232
211 232
220 232
229 232
292 232
301 232
310 232
337 232
355 232
364 232
373 232
400 232
409 232
418 232
427 232
445 232
454 232
463 232
472 232
481 232
490 232
499 232
517 232
535 232
544 232
562 232
571 232
580 232
598 232
607 232
40 247
49 247
58 247
76 247
103 247
112 247
139 247
148 247
157 247
166 247
184 247
211 247
220 247
238 247
247 247
256 247
265 247
283 247
292 247
301 247
310 247
319 247
328 247
337 247
382 247
391 247
400 247
409 247
418 247
436 247
445 247
454 247
463 247
490 247
499 247
526 247
535 247
580 247
40 262
49 262
58 262
67 262
76 262
85 262
67 277
67 292
76 292
85 292
94 292
103 292
121 292
130 292
139 292
157 292
175 292
184 292
202 292
211 292
220 292
238 292
247 292
256 292
274 292
292 292
301 292
310 292
328 292
337 292
346 292
382 292
391 292
400 292
418 292
427 292
445 292
472 292
481 292
490 292
499 292
526 292
535 292
544 292
553 292
562 292
589 292
598 292
616 292
49 307
58 307
67 307
76 307
85 307
103 307
121 307
130 307
139 307
157 307
166 307
184 307
193 307
202 307
211 307
229 307
238 307
247 307
274 307
283 307
292 307
301 307
310 307
319 307
337 307
346 307
355 307
364 307
373 307
382 307
391 307
427 307
436 307
445 307
481 307
490 307
499 307
508 307
526 307
535 307
544 307
553 307
580 307
589 307
58 322
67 322
85 322
94 322
103 322
139 322
148 322
166 322
175 322
184 322
193 322
202 322
211 322
220 322
238 322
247 322
256 322
283 322
292 322
301 322
310 322
319 322
328 322
337 322
346 322
355 322
364 322
373 322
391 322
400 322
409 322
418 322
427 322
481 322
490 322
517 322
526 322
535 322
544 322
553 322
571 322
40 337
49 337
58 337
67 337
76 337
94 337
103 337
112 337
121 337
166 337
175 337
184 337
193 337
238 337
247 337
256 337
265 337
301 337
310 337
328 337
346 337
355 337
364 337
373 337
382 337
391 337
400 337
436 337
454 337
490 337
508 337
517 337
535 337
544 337
562 337
571 337
580 337
589 337
598 337
607 337
625 337
40 352
49 352
58 352
67 352
76 352
121 352
130 352
139 352
157 352
175 352
184 352
193 352
229 352
256 352
274 352
283 352
292 352
301 352
310 352
319 352
328 352
337 352
355 352
364 352
373 352
382 352
391 352
409 352
418 352
427 352
436 352
445 352
454 352
481 352
490 352
517 352
526 352
535 352
544 352
562 352
571 352
580 352
598 352
607 352
616 352
625 352
40 367
49 367
58 367
67 367
76 367
85 367
112 367
121 367
130 367
139 367
148 367
184 367
193 367
211 367
229 367
238 367
247 367
256 367
265 367
274 367
292 367
301 367
310 367
328 367
346 367
355 367
364 367
382 367
391 367
400 367
409 367
418 367
436 367
445 367
454 367
472 367
481 367
499 367
508 367
517 367
535 367
544 367
580 367
589 367
598 367
607 367
616 367
40 382
49 382
67 382
193 382
238 382
265 382
274 382
301 382
310 382
328 382
346 382
355 382
364 382
382 382
391 382
409 382
436 382
445 382
472 382
508 382
517 382
535 382
544 382
589 382
598 382
607 382
616 382
49 397
58 397
67 397
76 397
85 397
40 412
40 427
67 427
76 427
85 427
94 427
103 427
121 427
130 427
139 427
148 427
157 427
166 427
175 427
184 427
193 427
202 427
220 427
229 427
238 427
247 427
256 427
283 427
292 427
301 427
310 427
319 427
337 427
346 427
373 427
382 427
391 427
400 427
418 427
436 427
454 427
463 427
472 427
481 427
490 427
67 457
76 457
103 457
112 457
130 457
139 457
148 457
166 457
184 457
193 457
202 457
211 457
247 457
256 457
265 457
274 457
283 457
292 457
301 457
310 457
319 457
355 457
364 457
382 457
409 457
427 457
436 457
454 457
472 457
481 457
517 457
526 457
535 457
544 457
553 457
562 457
589 457
607 457
616 457
625 457
634 457
49 472
58 472
67 472
76 472
112 472
121 472
139 472
148 472
157 472
175 472
184 472
193 472
202 472
229 472
247 472
256 472
265 472
274 472
292 472
301 472
310 472
328 472
337 472
355 472
373 472
382 472
418 472
427 472
445 472
454 472
481 472
499 472
508 472
517 472
535 472
553 472
562 472
571 472
580 472
589 472
598 472
49 487
58 487
67 487
76 487
94 487
103 487
112 487
139 487
148 487
157 487
166 487
175 487
193 487
202 487
211 487
220 487
247 487
265 487
274 487
283 487
292 487
301 487
319 487
346 487
355 487
364 487
382 487
391 487
400 487
418 487
427 487
436 487
454 487
463 487
481 487
490 487
508 487
517 487
526 487
535 487
553 487
562 487
571 487
589 487
598 487
607 487
625 487
634 487
49 502
58 502
67 502
85 502
94 502
112 502
130 502
139 502
157 502
166 502
175 502
211 502
220 502
229 502
238 502
247 502
256 502
265 502
283 502
292 502
301 502
328 502
337 502
373 502
409 502
418 502
436 502
445 502
454 502
463 502
490 502
499 502
508 502
517 502
526 502
535 502
544 502
562 502
571 502
580 502
589 502
49 517
58 517
76 517
85 517
103 517
112 517
121 517
130 517
148 517
157 517
175 517
193 517
202 517
211 517
238 517
247 517
274 517
283 517
301 517
310 517
328 517
337 517
346 517
355 517
373 517
382 517
391 517
400 517
409 517
418 517
436 517
445 517
463 517
472 517
499 517
517 517
526 517
544 517
562 517
571 517
598 517
607 517
40 532
49 532
58 532
67 532
76 532
103 532
112 532
121 532
139 532
148 532
157 532
175 532
184 532
202 532
211 532
220 532
229 532
265 532
292 532
301 532
319 532
364 532
373 532
382 532
400 532
418 532
427 532
445 532
463 532
562 532
571 532
607 532
58 547
112 547
121 547
139 547
148 547
157 547
175 547
184 547
202 547
211 547
220 547
229 547
238 547
265 547
292 547
301 547
319 547
364 547
373 547
382 547
400 547
418 547
427 547
445 547
454 547
463 547
472 547
