58 22
67 22
76 22
85 22
112 22
121 22
148 22
175 22
184 22
193 22
229 22
238 22
247 22
292 22
301 22
328 22
364 22
382 22
391 22
418 22
436 22
472 22
481 22
490 22
508 22
517 22
535 22
544 22
580 22
598 22
40 37
49 37
58 37
67 37
103 37
112 37
148 37
166 37
193 37
256 37
274 37
292 37
301 37
310 37
328 37
337 37
346 37
373 37
418 37
445 37
463 37
472 37
481 37
499 37
508 37
535 37
553 37
562 37
607 37
49 52
67 52
85 52
103 52
121 52
130 52
139 52
157 52
184 52
193 52
211 52
238 52
274 52
310 52
337 52
346 52
400 52
418 52
427 52
436 52
463 52
481 52
490 52
508 52
535 52
553 52
562 52
580 52
49 67
67 67
76 67
94 67
130 67
148 67
157 67
67 112
76 112
103 112
112 112
148 112
157 112
166 112
193 112
220 112
256 112
292 112
301 112
310 112
337 112
355 112
400 112
427 112
436 112
454 112
517 112
526 112
544 112
553 112
562 112
571 112
40 127
67 127
76 127
94 127
103 127
121 127
157 127
184 127
193 127
211 127
220 127
229 127
283 127
292 127
301 127
310 127
337 127
355 127
391 127
409 127
463 127
472 127
490 127
535 127
562 127
571 127
580 127
40 142
49 142
76 142
112 142
148 142
166 142
175 142
193 142
202 142
229 142
238 142
256 142
310 142
328 142
346 142
391 142
418 142
517 142
562 142
571 142
580 142
625 142
58 157
85 157
103 157
121 157
130 157
139 157
184 157
220 157
256 157
283 157
292 157
319 157
337 157
355 157
364 157
373 157
400 157
463 157
481 157
526 157
553 157
571 157
40 172
58 172
67 172
76 172
130 172
157 172
166 172
175 172
211 172
247 172
256 172
76 202
112 202
121 202
184 202
220 202
238 202
247 202
292 202
301 202
319 202
346 202
355 202
391 202
445 202
454 202
463 202
553 202
562 202
589 202
598 202
40 217
49 217
67 217
103 217
112 217
121 217
139 217
184 217
193 217
211 217
220 217
229 217
292 217
301 217
337 217
355 217
409 217
607 217
292 232
337 232
355 232
409 232
418 232
427 232
445 232
454 232
517 232
544 232
598 232
607 232
40 247
49 247
58 247
76 247
139 247
148 247
157 247
166 247
184 247
220 247
238 247
292 247
301 247
319 247
328 247
400 247
409 247
436 247
454 247
463 247
490 247
580 247
49 262
67 262
76 262
85 262
67 292
85 292
94 292
130 292
139 292
157 292
175 292
184 292
202 292
211 292
220 292
238 292
247 292
274 292
301 292
310 292
337 292
346 292
391 292
400 292
418 292
427 292
490 292
526 292
535 292
544 292
553 292
562 292
589 292
598 292
616 292
67 307
103 307
130 307
139 307
157 307
184 307
202 307
238 307
247 307
274 307
301 307
310 307
319 307
364 307
382 307
391 307
427 307
436 307
481 307
490 307
526 307
535 307
580 307
589 307
67 322
85 322
94 322
175 322
184 322
202 322
211 322
220 322
238 322
256 322
283 322
292 322
301 322
310 322
319 322
328 322
337 322
355 322
364 322
400 322
409 322
418 322
490 322
526 322
535 322
553 322
571 322
40 337
49 337
67 337
103 337
112 337
166 337
184 337
247 337
265 337
301 337
310 337
328 337
346 337
355 337
364 337
391 337
454 337
517 337
544 337
562 337
571 337
598 337
625 337
40 352
58 352
67 352
121 352
139 352
157 352
175 352
184 352
256 352
274 352
283 352
292 352
301 352
310 352
328 352
355 352
364 352
373 352
382 352
391 352
409 352
418 352
427 352
436 352
445 352
454 352
481 352
526 352
535 352
571 352
580 352
598 352
607 352
625 352
49 367
58 367
67 367
76 367
85 367
121 367
130 367
193 367
211 367
229 367
238 367
256 367
265 367
274 367
292 367
301 367
310 367
328 367
346 367
355 367
364 367
382 367
391 367
436 367
445 367
472 367
517 367
535 367
598 367
616 367
49 382
310 382
391 382
445 382
472 382
517 382
535 382
598 382
616 382
49 397
67 397
76 397
85 427
130 427
139 427
148 427
157 427
175 427
184 427
193 427
229 427
247 427
256 427
283 427
310 427
337 427
373 427
382 427
436 427
472 427
481 427
76 457
103 457
130 457
139 457
166 457
184 457
202 457
211 457
256 457
274 457
292 457
319 457
355 457
364 457
382 457
409 457
436 457
472 457
481 457
526 457
535 457
544 457
553 457
562 457
625 457
58 472
67 472
76 472
112 472
121 472
139 472
148 472
157 472
193 472
202 472
265 472
301 472
310 472
337 472
373 472
382 472
418 472
445 472
454 472
481 472
499 472
508 472
535 472
571 472
580 472
589 472
58 487
94 487
103 487
112 487
139 487
148 487
157 487
175 487
193 487
211 487
247 487
274 487
283 487
292 487
301 487
346 487
364 487
391 487
400 487
427 487
463 487
490 487
508 487
517 487
526 487
535 487
553 487
571 487
589 487
598 487
607 487
625 487
634 487
49 502
58 502
67 502
85 502
94 502
112 502
139 502
157 502
166 502
175 502
211 502
220 502
256 502
265 502
283 502
337 502
373 502
409 502
418 502
445 502
454 502
490 502
499 502
508 502
526 502
535 502
544 502
562 502
571 502
580 502
589 502
58 517
85 517
112 517
157 517
175 517
193 517
238 517
247 517
283 517
301 517
310 517
337 517
355 517
391 517
409 517
418 517
436 517
463 517
562 517
571 517
598 517
607 517
58 532
112 532
121 532
139 532
157 532
175 532
184 532
211 532
220 532
229 532
265 532
292 532
301 532
157 547
175 547
211 547
265 547
292 547
301 547
319 547
373 547
382 547
418 547
427 547
445 547
454 547
463 547
