58 22
148 22
193 22
238 22
418 22
436 22
472 22
490 22
535 22
598 22
49 37
148 37
193 37
256 37
274 37
310 37
328 37
346 37
373 37
445 37
472 37
553 37
607 37
67 52
103 52
121 52
157 52
193 52
211 52
238 52
274 52
310 52
337 52
400 52
418 52
436 52
463 52
490 52
508 52
535 52
562 52
76 67
94 67
157 67
103 112
193 112
220 112
301 112
310 112
355 112
436 112
517 112
553 112
76 127
94 127
121 127
157 127
184 127
337 127
463 127
472 127
580 127
49 142
112 142
148 142
166 142
175 142
229 142
256 142
310 142
328 142
418 142
517 142
580 142
58 157
85 157
103 157
130 157
184 157
256 157
283 157
319 157
337 157
355 157
463 157
481 157
526 157
130 172
157 172
166 172
175 172
247 172
256 172
76 202
238 202
301 202
346 202
445 202
454 202
67 217
229 217
292 217
337 217
292 232
337 232
409 232
445 232
517 232
544 232
76 247
166 247
184 247
220 247
319 247
400 247
436 247
454 247
490 247
49 262
67 292
85 292
94 292
139 292
418 292
589 292
616 292
67 307
139 307
157 307
184 307
274 307
391 307
481 307
526 307
535 307
580 307
589 307
67 322
184 322
202 322
211 322
220 322
256 322
283 322
292 322
319 322
526 322
535 322
553 322
571 322
49 337
103 337
166 337
184 337
247 337
265 337
301 337
310 337
346 337
391 337
544 337
598 337
625 337
67 352
139 352
256 352
301 352
391 352
418 352
427 352
436 352
445 352
481 352
571 352
598 352
607 352
58 367
85 367
121 367
256 367
265 367
310 367
346 367
364 367
391 367
436 367
445 367
472 367
517 367
445 382
517 382
598 382
616 382
49 397
67 397
130 427
139 427
148 427
184 427
193 427
256 427
283 427
373 427
436 427
481 427
76 457
103 457
184 457
274 457
364 457
382 457
436 457
472 457
481 457
535 457
544 457
562 457
625 457
58 472
76 472
121 472
157 472
265 472
301 472
310 472
337 472
382 472
445 472
454 472
508 472
535 472
571 472
58 487
94 487
103 487
193 487
211 487
283 487
364 487
400 487
490 487
571 487
589 487
607 487
634 487
67 502
139 502
175 502
211 502
265 502
418 502
445 502
490 502
499 502
544 502
562 502
571 502
589 502
58 517
85 517
112 517
175 517
193 517
355 517
436 517
463 517
562 517
607 517
58 532
112 532
139 532
157 532
211 532
265 532
301 532
211 547
265 547
292 547
301 547
373 547
418 547
427 547
