58 22
193 22
418 22
472 22
148 37
193 37
274 37
310 37
346 37
553 37
607 37
121 52
238 52
310 52
337 52
418 52
436 52
463 52
490 52
157 67
193 112
220 112
310 112
355 112
517 112
553 112
157 127
337 127
472 127
580 127
148 142
229 142
256 142
310 142
328 142
580 142
58 157
103 157
130 157
256 157
319 157
355 157
175 172
76 202
445 202
409 232
544 232
220 247
49 262
139 292
616 292
139 307
184 307
274 307
535 307
580 307
67 322
256 322
319 322
526 322
553 322
571 322
103 337
184 337
247 337
391 337
598 337
67 352
139 352
256 352
481 352
571 352
607 352
58 367
310 367
517 382
598 382
49 397
67 397
184 427
283 427
373 427
436 427
184 457
274 457
364 457
382 457
436 457
58 472
76 472
310 472
382 472
535 472
58 487
193 487
283 487
364 487
400 487
490 487
589 487
67 502
175 502
418 502
490 502
544 502
589 502
112 517
355 517
607 517
157 532
211 532
211 547
301 547
418 547
