4 7
13 7
22 7
31 7
40 7
49 7
58 7
67 7
76 7
85 7
94 7
103 7
112 7
121 7
130 7
139 7
148 7
157 7
166 7
175 7
184 7
193 7
202 7
211 7
220 7
229 7
238 7
247 7
256 7
265 7
274 7
283 7
292 7
301 7
310 7
319 7
328 7
337 7
346 7
355 7
364 7
373 7
382 7
391 7
400 7
409 7
418 7
427 7
436 7
445 7
454 7
463 7
472 7
481 7
490 7
499 7
508 7
517 7
526 7
535 7
544 7
553 7
562 7
571 7
580 7
589 7
598 7
607 7
616 7
625 7
634 7
643 7
4 22
13 22
22 22
31 22
40 22
49 22
58 22
67 22
76 22
85 22
94 22
103 22
112 22
121 22
130 22
139 22
148 22
157 22
166 22
175 22
184 22
193 22
202 22
211 22
220 22
229 22
238 22
247 22
256 22
265 22
274 22
283 22
292 22
301 22
310 22
319 22
328 22
337 22
346 22
355 22
364 22
373 22
382 22
391 22
400 22
409 22
418 22
427 22
436 22
445 22
454 22
463 22
472 22
481 22
490 22
499 22
508 22
517 22
526 22
535 22
544 22
553 22
562 22
571 22
580 22
589 22
598 22
607 22
616 22
625 22
634 22
643 22
4 37
13 37
22 37
31 37
40 37
49 37
58 37
67 37
76 37
85 37
94 37
103 37
112 37
121 37
130 37
139 37
148 37
157 37
166 37
175 37
184 37
193 37
202 37
211 37
220 37
229 37
238 37
247 37
256 37
265 37
274 37
283 37
292 37
301 37
310 37
319 37
328 37
337 37
346 37
355 37
364 37
373 37
382 37
391 37
400 37
409 37
418 37
427 37
436 37
445 37
454 37
463 37
472 37
481 37
490 37
499 37
508 37
517 37
526 37
535 37
544 37
553 37
562 37
571 37
580 37
589 37
598 37
607 37
616 37
625 37
634 37
643 37
4 52
13 52
22 52
31 52
40 52
49 52
58 52
67 52
76 52
85 52
94 52
103 52
112 52
121 52
130 52
139 52
148 52
157 52
166 52
175 52
184 52
193 52
202 52
211 52
220 52
229 52
238 52
247 52
256 52
265 52
274 52
283 52
292 52
301 52
310 52
319 52
328 52
337 52
346 52
355 52
364 52
373 52
382 52
391 52
400 52
409 52
418 52
427 52
436 52
445 52
454 52
463 52
472 52
481 52
490 52
499 52
508 52
517 52
526 52
535 52
544 52
553 52
562 52
571 52
580 52
589 52
598 52
607 52
616 52
625 52
634 52
643 52
4 67
13 67
22 67
31 67
40 67
49 67
58 67
67 67
76 67
85 67
94 67
103 67
112 67
121 67
130 67
139 67
148 67
157 67
166 67
175 67
184 67
193 67
202 67
211 67
220 67
229 67
238 67
247 67
256 67
265 67
274 67
283 67
292 67
301 67
310 67
319 67
328 67
337 67
346 67
355 67
364 67
373 67
382 67
391 67
400 67
409 67
418 67
427 67
436 67
445 67
454 67
463 67
472 67
481 67
490 67
499 67
508 67
517 67
526 67
535 67
544 67
553 67
562 67
571 67
580 67
589 67
598 67
607 67
616 67
625 67
634 67
643 67
4 82
13 82
22 82
31 82
40 82
49 82
58 82
67 82
76 82
85 82
94 82
103 82
112 82
121 82
130 82
139 82
148 82
157 82
166 82
175 82
184 82
193 82
202 82
211 82
220 82
229 82
238 82
247 82
256 82
265 82
274 82
283 82
292 82
301 82
310 82
319 82
328 82
337 82
346 82
355 82
364 82
373 82
382 82
391 82
400 82
409 82
418 82
427 82
436 82
445 82
454 82
463 82
472 82
481 82
490 82
499 82
508 82
517 82
526 82
535 82
544 82
553 82
562 82
571 82
580 82
589 82
598 82
607 82
616 82
625 82
634 82
643 82
4 97
13 97
22 97
31 97
40 97
49 97
58 97
67 97
76 97
85 97
94 97
103 97
112 97
121 97
130 97
139 97
148 97
157 97
166 97
175 97
184 97
193 97
202 97
211 97
220 97
229 97
238 97
247 97
256 97
265 97
274 97
283 97
292 97
301 97
310 97
319 97
328 97
337 97
346 97
355 97
364 97
373 97
382 97
391 97
400 97
409 97
418 97
427 97
436 97
445 97
454 97
463 97
472 97
481 97
490 97
499 97
508 97
517 97
526 97
535 97
544 97
553 97
562 97
571 97
580 97
589 97
598 97
607 97
616 97
625 97
634 97
643 97
4 112
13 112
22 112
31 112
40 112
49 112
58 112
67 112
76 112
85 112
94 112
103 112
112 112
121 112
130 112
139 112
148 112
157 112
166 112
175 112
184 112
193 112
202 112
211 112
220 112
229 112
238 112
247 112
256 112
265 112
274 112
283 112
292 112
301 112
310 112
319 112
328 112
337 112
346 112
355 112
364 112
373 112
382 112
391 112
400 112
409 112
418 112
427 112
436 112
445 112
454 112
463 112
472 112
481 112
490 112
499 112
508 112
517 112
526 112
535 112
544 112
553 112
562 112
571 112
580 112
589 112
598 112
607 112
616 112
625 112
634 112
643 112
4 127
13 127
22 127
31 127
40 127
49 127
58 127
67 127
76 127
85 127
94 127
103 127
112 127
121 127
130 127
139 127
148 127
157 127
166 127
175 127
184 127
193 127
202 127
211 127
220 127
229 127
238 127
247 127
256 127
265 127
274 127
283 127
292 127
301 127
310 127
319 127
328 127
337 127
346 127
355 127
364 127
373 127
382 127
391 127
400 127
409 127
418 127
427 127
436 127
445 127
454 127
463 127
472 127
481 127
490 127
499 127
508 127
517 127
526 127
535 127
544 127
553 127
562 127
571 127
580 127
589 127
598 127
607 127
616 127
625 127
634 127
643 127
4 142
13 142
22 142
31 142
40 142
49 142
58 142
67 142
76 142
85 142
94 142
103 142
112 142
121 142
130 142
139 142
148 142
157 142
166 142
175 142
184 142
193 142
202 142
211 142
220 142
229 142
238 142
247 142
256 142
265 142
274 142
283 142
292 142
301 142
310 142
319 142
328 142
337 142
346 142
355 142
364 142
373 142
382 142
391 142
400 142
409 142
418 142
427 142
436 142
445 142
454 142
463 142
472 142
481 142
490 142
499 142
508 142
517 142
526 142
535 142
544 142
553 142
562 142
571 142
580 142
589 142
598 142
607 142
616 142
625 142
634 142
643 142
4 157
13 157
22 157
31 157
40 157
49 157
58 157
67 157
76 157
85 157
94 157
103 157
112 157
121 157
130 157
139 157
148 157
157 157
166 157
175 157
184 157
193 157
202 157
211 157
220 157
229 157
238 157
247 157
256 157
265 157
274 157
283 157
292 157
301 157
310 157
319 157
328 157
337 157
346 157
355 157
364 157
373 157
382 157
391 157
400 157
409 157
418 157
427 157
436 157
445 157
454 157
463 157
472 157
481 157
490 157
499 157
508 157
517 157
526 157
535 157
544 157
553 157
562 157
571 157
580 157
589 157
598 157
607 157
616 157
625 157
634 157
643 157
4 172
13 172
22 172
31 172
40 172
49 172
58 172
67 172
76 172
85 172
94 172
103 172
112 172
121 172
130 172
139 172
148 172
157 172
166 172
175 172
184 172
193 172
202 172
211 172
220 172
229 172
238 172
247 172
256 172
265 172
274 172
283 172
292 172
301 172
310 172
319 172
328 172
337 172
346 172
355 172
364 172
373 172
382 172
391 172
400 172
409 172
418 172
427 172
436 172
445 172
454 172
463 172
472 172
481 172
490 172
499 172
508 172
517 172
526 172
535 172
544 172
553 172
562 172
571 172
580 172
589 172
598 172
607 172
616 172
625 172
634 172
643 172
4 187
13 187
22 187
31 187
40 187
49 187
58 187
67 187
76 187
85 187
94 187
103 187
112 187
121 187
130 187
139 187
148 187
157 187
166 187
175 187
184 187
193 187
202 187
211 187
220 187
229 187
238 187
247 187
256 187
265 187
274 187
283 187
292 187
301 187
310 187
319 187
328 187
337 187
346 187
355 187
364 187
373 187
382 187
391 187
400 187
409 187
418 187
427 187
436 187
445 187
454 187
463 187
472 187
481 187
490 187
499 187
508 187
517 187
526 187
535 187
544 187
553 187
562 187
571 187
580 187
589 187
598 187
607 187
616 187
625 187
634 187
643 187
4 202
13 202
22 202
31 202
40 202
49 202
58 202
67 202
76 202
85 202
94 202
103 202
112 202
121 202
130 202
139 202
148 202
157 202
166 202
175 202
184 202
193 202
202 202
211 202
220 202
229 202
238 202
247 202
256 202
265 202
274 202
283 202
292 202
301 202
310 202
319 202
328 202
337 202
346 202
355 202
364 202
373 202
382 202
391 202
400 202
409 202
418 202
427 202
436 202
445 202
454 202
463 202
472 202
481 202
490 202
499 202
508 202
517 202
526 202
535 202
544 202
553 202
562 202
571 202
580 202
589 202
598 202
607 202
616 202
625 202
634 202
643 202
4 217
13 217
22 217
31 217
40 217
49 217
58 217
67 217
76 217
85 217
94 217
103 217
112 217
121 217
130 217
139 217
148 217
157 217
166 217
175 217
184 217
193 217
202 217
211 217
220 217
229 217
238 217
247 217
256 217
265 217
274 217
283 217
292 217
301 217
310 217
319 217
328 217
337 217
346 217
355 217
364 217
373 217
382 217
391 217
400 217
409 217
418 217
427 217
436 217
445 217
454 217
463 217
472 217
481 217
490 217
499 217
508 217
517 217
526 217
535 217
544 217
553 217
562 217
571 217
580 217
589 217
598 217
607 217
616 217
625 217
634 217
643 217
4 232
13 232
22 232
31 232
40 232
49 232
58 232
67 232
76 232
85 232
94 232
103 232
112 232
121 232
130 232
139 232
148 232
157 232
166 232
175 232
184 232
193 232
202 232
211 232
220 232
229 232
238 232
247 232
256 232
265 232
274 232
283 232
292 232
301 232
310 232
319 232
328 232
337 232
346 232
355 232
364 232
373 232
382 232
391 232
400 232
409 232
418 232
427 232
436 232
445 232
454 232
463 232
472 232
481 232
490 232
499 232
508 232
517 232
526 232
535 232
544 232
553 232
562 232
571 232
580 232
589 232
598 232
607 232
616 232
625 232
634 232
643 232
4 247
13 247
22 247
31 247
40 247
49 247
58 247
67 247
76 247
85 247
94 247
103 247
112 247
121 247
130 247
139 247
148 247
157 247
166 247
175 247
184 247
193 247
202 247
211 247
220 247
229 247
238 247
247 247
256 247
265 247
274 247
283 247
292 247
301 247
310 247
319 247
328 247
337 247
346 247
355 247
364 247
373 247
382 247
391 247
400 247
409 247
418 247
427 247
436 247
445 247
454 247
463 247
472 247
481 247
490 247
499 247
508 247
517 247
526 247
535 247
544 247
553 247
562 247
571 247
580 247
589 247
598 247
607 247
616 247
625 247
634 247
643 247
4 262
13 262
22 262
31 262
40 262
49 262
58 262
67 262
76 262
85 262
94 262
103 262
112 262
121 262
130 262
139 262
148 262
157 262
166 262
175 262
184 262
193 262
202 262
211 262
220 262
229 262
238 262
247 262
256 262
265 262
274 262
283 262
292 262
301 262
310 262
319 262
328 262
337 262
346 262
355 262
364 262
373 262
382 262
391 262
400 262
409 262
418 262
427 262
436 262
445 262
454 262
463 262
472 262
481 262
490 262
499 262
508 262
517 262
526 262
535 262
544 262
553 262
562 262
571 262
580 262
589 262
598 262
607 262
616 262
625 262
634 262
643 262
4 277
13 277
22 277
31 277
40 277
49 277
58 277
67 277
76 277
85 277
94 277
103 277
112 277
121 277
130 277
139 277
148 277
157 277
166 277
175 277
184 277
193 277
202 277
211 277
220 277
229 277
238 277
247 277
256 277
265 277
274 277
283 277
292 277
301 277
310 277
319 277
328 277
337 277
346 277
355 277
364 277
373 277
382 277
391 277
400 277
409 277
418 277
427 277
436 277
445 277
454 277
463 277
472 277
481 277
490 277
499 277
508 277
517 277
526 277
535 277
544 277
553 277
562 277
571 277
580 277
589 277
598 277
607 277
616 277
625 277
634 277
643 277
4 292
13 292
22 292
31 292
40 292
49 292
58 292
67 292
76 292
85 292
94 292
103 292
112 292
121 292
130 292
139 292
148 292
157 292
166 292
175 292
184 292
193 292
202 292
211 292
220 292
229 292
238 292
247 292
256 292
265 292
274 292
283 292
292 292
301 292
310 292
319 292
328 292
337 292
346 292
355 292
364 292
373 292
382 292
391 292
400 292
409 292
418 292
427 292
436 292
445 292
454 292
463 292
472 292
481 292
490 292
499 292
508 292
517 292
526 292
535 292
544 292
553 292
562 292
571 292
580 292
589 292
598 292
607 292
616 292
625 292
634 292
643 292
4 307
13 307
22 307
31 307
40 307
49 307
58 307
67 307
76 307
85 307
94 307
103 307
112 307
121 307
130 307
139 307
148 307
157 307
166 307
175 307
184 307
193 307
202 307
211 307
220 307
229 307
238 307
247 307
256 307
265 307
274 307
283 307
292 307
301 307
310 307
319 307
328 307
337 307
346 307
355 307
364 307
373 307
382 307
391 307
400 307
409 307
418 307
427 307
436 307
445 307
454 307
463 307
472 307
481 307
490 307
499 307
508 307
517 307
526 307
535 307
544 307
553 307
562 307
571 307
580 307
589 307
598 307
607 307
616 307
625 307
634 307
643 307
4 322
13 322
22 322
31 322
40 322
49 322
58 322
67 322
76 322
85 322
94 322
103 322
112 322
121 322
130 322
139 322
148 322
157 322
166 322
175 322
184 322
193 322
202 322
211 322
220 322
229 322
238 322
247 322
256 322
265 322
274 322
283 322
292 322
301 322
310 322
319 322
328 322
337 322
346 322
355 322
364 322
373 322
382 322
391 322
400 322
409 322
418 322
427 322
436 322
445 322
454 322
463 322
472 322
481 322
490 322
499 322
508 322
517 322
526 322
535 322
544 322
553 322
562 322
571 322
580 322
589 322
598 322
607 322
616 322
625 322
634 322
643 322
4 337
13 337
22 337
31 337
40 337
49 337
58 337
67 337
76 337
85 337
94 337
103 337
112 337
121 337
130 337
139 337
148 337
157 337
166 337
175 337
184 337
193 337
202 337
211 337
220 337
229 337
238 337
247 337
256 337
265 337
274 337
283 337
292 337
301 337
310 337
319 337
328 337
337 337
346 337
355 337
364 337
373 337
382 337
391 337
400 337
409 337
418 337
427 337
436 337
445 337
454 337
463 337
472 337
481 337
490 337
499 337
508 337
517 337
526 337
535 337
544 337
553 337
562 337
571 337
580 337
589 337
598 337
607 337
616 337
625 337
634 337
643 337
4 352
13 352
22 352
31 352
40 352
49 352
58 352
67 352
76 352
85 352
94 352
103 352
112 352
121 352
130 352
139 352
148 352
157 352
166 352
175 352
184 352
193 352
202 352
211 352
220 352
229 352
238 352
247 352
256 352
265 352
274 352
283 352
292 352
301 352
310 352
319 352
328 352
337 352
346 352
355 352
364 352
373 352
382 352
391 352
400 352
409 352
418 352
427 352
436 352
445 352
454 352
463 352
472 352
481 352
490 352
499 352
508 352
517 352
526 352
535 352
544 352
553 352
562 352
571 352
580 352
589 352
598 352
607 352
616 352
625 352
634 352
643 352
4 367
13 367
22 367
31 367
40 367
49 367
58 367
67 367
76 367
85 367
94 367
103 367
112 367
121 367
130 367
139 367
148 367
157 367
166 367
175 367
184 367
193 367
202 367
211 367
220 367
229 367
238 367
247 367
256 367
265 367
274 367
283 367
292 367
301 367
310 367
319 367
328 367
337 367
346 367
355 367
364 367
373 367
382 367
391 367
400 367
409 367
418 367
427 367
436 367
445 367
454 367
463 367
472 367
481 367
490 367
499 367
508 367
517 367
526 367
535 367
544 367
553 367
562 367
571 367
580 367
589 367
598 367
607 367
616 367
625 367
634 367
643 367
4 382
13 382
22 382
31 382
40 382
49 382
58 382
67 382
76 382
85 382
94 382
103 382
112 382
121 382
130 382
139 382
148 382
157 382
166 382
175 382
184 382
193 382
202 382
211 382
220 382
229 382
238 382
247 382
256 382
265 382
274 382
283 382
292 382
301 382
310 382
319 382
328 382
337 382
346 382
355 382
364 382
373 382
382 382
391 382
400 382
409 382
418 382
427 382
436 382
445 382
454 382
463 382
472 382
481 382
490 382
499 382
508 382
517 382
526 382
535 382
544 382
553 382
562 382
571 382
580 382
589 382
598 382
607 382
616 382
625 382
634 382
643 382
4 397
13 397
22 397
31 397
40 397
49 397
58 397
67 397
76 397
85 397
94 397
103 397
112 397
121 397
130 397
139 397
148 397
157 397
166 397
175 397
184 397
193 397
202 397
211 397
220 397
229 397
238 397
247 397
256 397
265 397
274 397
283 397
292 397
301 397
310 397
319 397
328 397
337 397
346 397
355 397
364 397
373 397
382 397
391 397
400 397
409 397
418 397
427 397
436 397
445 397
454 397
463 397
472 397
481 397
490 397
499 397
508 397
517 397
526 397
535 397
544 397
553 397
562 397
571 397
580 397
589 397
598 397
607 397
616 397
625 397
634 397
643 397
4 412
13 412
22 412
31 412
40 412
49 412
58 412
67 412
76 412
85 412
94 412
103 412
112 412
121 412
130 412
139 412
148 412
157 412
166 412
175 412
184 412
193 412
202 412
211 412
220 412
229 412
238 412
247 412
256 412
265 412
274 412
283 412
292 412
301 412
310 412
319 412
328 412
337 412
346 412
355 412
364 412
373 412
382 412
391 412
400 412
409 412
418 412
427 412
436 412
445 412
454 412
463 412
472 412
481 412
490 412
499 412
508 412
517 412
526 412
535 412
544 412
553 412
562 412
571 412
580 412
589 412
598 412
607 412
616 412
625 412
634 412
643 412
4 427
13 427
22 427
31 427
40 427
49 427
58 427
67 427
76 427
85 427
94 427
103 427
112 427
121 427
130 427
139 427
148 427
157 427
166 427
175 427
184 427
193 427
202 427
211 427
220 427
229 427
238 427
247 427
256 427
265 427
274 427
283 427
292 427
301 427
310 427
319 427
328 427
337 427
346 427
355 427
364 427
373 427
382 427
391 427
400 427
409 427
418 427
427 427
436 427
445 427
454 427
463 427
472 427
481 427
490 427
499 427
508 427
517 427
526 427
535 427
544 427
553 427
562 427
571 427
580 427
589 427
598 427
607 427
616 427
625 427
634 427
643 427
4 442
13 442
22 442
31 442
40 442
49 442
58 442
67 442
76 442
85 442
94 442
103 442
112 442
121 442
130 442
139 442
148 442
157 442
166 442
175 442
184 442
193 442
202 442
211 442
220 442
229 442
238 442
247 442
256 442
265 442
274 442
283 442
292 442
301 442
310 442
319 442
328 442
337 442
346 442
355 442
364 442
373 442
382 442
391 442
400 442
409 442
418 442
427 442
436 442
445 442
454 442
463 442
472 442
481 442
490 442
499 442
508 442
517 442
526 442
535 442
544 442
553 442
562 442
571 442
580 442
589 442
598 442
607 442
616 442
625 442
634 442
643 442
4 457
13 457
22 457
31 457
40 457
49 457
58 457
67 457
76 457
85 457
94 457
103 457
112 457
121 457
130 457
139 457
148 457
157 457
166 457
175 457
184 457
193 457
202 457
211 457
220 457
229 457
238 457
247 457
256 457
265 457
274 457
283 457
292 457
301 457
310 457
319 457
328 457
337 457
346 457
355 457
364 457
373 457
382 457
391 457
400 457
409 457
418 457
427 457
436 457
445 457
454 457
463 457
472 457
481 457
490 457
499 457
508 457
517 457
526 457
535 457
544 457
553 457
562 457
571 457
580 457
589 457
598 457
607 457
616 457
625 457
634 457
643 457
4 472
13 472
22 472
31 472
40 472
49 472
58 472
67 472
76 472
85 472
94 472
103 472
112 472
121 472
130 472
139 472
148 472
157 472
166 472
175 472
184 472
193 472
202 472
211 472
220 472
229 472
238 472
247 472
256 472
265 472
274 472
283 472
292 472
301 472
310 472
319 472
328 472
337 472
346 472
355 472
364 472
373 472
382 472
391 472
400 472
409 472
418 472
427 472
436 472
445 472
454 472
463 472
472 472
481 472
490 472
499 472
508 472
517 472
526 472
535 472
544 472
553 472
562 472
571 472
580 472
589 472
598 472
607 472
616 472
625 472
634 472
643 472
4 487
13 487
22 487
31 487
40 487
49 487
58 487
67 487
76 487
85 487
94 487
103 487
112 487
121 487
130 487
139 487
148 487
157 487
166 487
175 487
184 487
193 487
202 487
211 487
220 487
229 487
238 487
247 487
256 487
265 487
274 487
283 487
292 487
301 487
310 487
319 487
328 487
337 487
346 487
355 487
364 487
373 487
382 487
391 487
400 487
409 487
418 487
427 487
436 487
445 487
454 487
463 487
472 487
481 487
490 487
499 487
508 487
517 487
526 487
535 487
544 487
553 487
562 487
571 487
580 487
589 487
598 487
607 487
616 487
625 487
634 487
643 487
4 502
13 502
22 502
31 502
40 502
49 502
58 502
67 502
76 502
85 502
94 502
103 502
112 502
121 502
130 502
139 502
148 502
157 502
166 502
175 502
184 502
193 502
202 502
211 502
220 502
229 502
238 502
247 502
256 502
265 502
274 502
283 502
292 502
301 502
310 502
319 502
328 502
337 502
346 502
355 502
364 502
373 502
382 502
391 502
400 502
409 502
418 502
427 502
436 502
445 502
454 502
463 502
472 502
481 502
490 502
499 502
508 502
517 502
526 502
535 502
544 502
553 502
562 502
571 502
580 502
589 502
598 502
607 502
616 502
625 502
634 502
643 502
4 517
13 517
22 517
31 517
40 517
49 517
58 517
67 517
76 517
85 517
94 517
103 517
112 517
121 517
130 517
139 517
148 517
157 517
166 517
175 517
184 517
193 517
202 517
211 517
220 517
229 517
238 517
247 517
256 517
265 517
274 517
283 517
292 517
301 517
310 517
319 517
328 517
337 517
346 517
355 517
364 517
373 517
382 517
391 517
400 517
409 517
418 517
427 517
436 517
445 517
454 517
463 517
472 517
481 517
490 517
499 517
508 517
517 517
526 517
535 517
544 517
553 517
562 517
571 517
580 517
589 517
598 517
607 517
616 517
625 517
634 517
643 517
4 532
13 532
22 532
31 532
40 532
49 532
58 532
67 532
76 532
85 532
94 532
103 532
112 532
121 532
130 532
139 532
148 532
157 532
166 532
175 532
184 532
193 532
202 532
211 532
220 532
229 532
238 532
247 532
256 532
265 532
274 532
283 532
292 532
301 532
310 532
319 532
328 532
337 532
346 532
355 532
364 532
373 532
382 532
391 532
400 532
409 532
418 532
427 532
436 532
445 532
454 532
463 532
472 532
481 532
490 532
499 532
508 532
517 532
526 532
535 532
544 532
553 532
562 532
571 532
580 532
589 532
598 532
607 532
616 532
625 532
634 532
643 532
4 547
13 547
22 547
31 547
40 547
49 547
58 547
67 547
76 547
85 547
94 547
103 547
112 547
121 547
130 547
139 547
148 547
157 547
166 547
175 547
184 547
193 547
202 547
211 547
220 547
229 547
238 547
247 547
256 547
265 547
274 547
283 547
292 547
301 547
310 547
319 547
328 547
337 547
346 547
355 547
364 547
373 547
382 547
391 547
400 547
409 547
418 547
427 547
436 547
445 547
454 547
463 547
472 547
481 547
490 547
499 547
508 547
517 547
526 547
535 547
544 547
553 547
562 547
571 547
580 547
589 547
598 547
607 547
616 547
625 547
634 547
643 547
