less20
Type	start		end		Perid		length/angle
accX
accX	9.400000	11.000000	1.600000	-0.011298
accY	9.400000	11.000000	1.600000	0.006931
accZ	9.400000	11.000000	1.600000	-1.265447
Pitch	9.400000	11.000000	1.600000	-0.001857
Roll	9.400000	11.000000	1.600000	-0.008692
yaw	9.400000	11.000000	1.600000	-0.007810



accX
accX	13.450000	14.250000	0.800000	0.004577
accY	13.450000	14.250000	0.800000	0.001047
accZ	13.450000	14.250000	0.800000	-0.316681
Pitch	13.450000	14.250000	0.800000	0.001119
Roll	13.450000	14.250000	0.800000	0.003976
yaw	13.450000	14.250000	0.800000	-0.002427



accX
accX	14.350000	15.150000	0.800000	0.012156
accY	14.350000	15.150000	0.800000	-0.001045
accZ	14.350000	15.150000	0.800000	-0.315925
Pitch	14.350000	15.150000	0.800000	-0.005069
Roll	14.350000	15.150000	0.800000	0.007458
yaw	14.350000	15.150000	0.800000	0.031212



accX
accX	18.400000	20.000000	1.600000	0.054755
accY	18.400000	20.000000	1.600000	-0.018436
accZ	18.400000	20.000000	1.600000	-1.307708
Pitch	18.400000	20.000000	1.600000	0.153013
Roll	18.400000	20.000000	1.600000	0.114330
yaw	18.400000	20.000000	1.600000	-0.071006



accX
accX	21.450000	22.250000	0.800000	0.048522
accY	21.450000	22.250000	0.800000	-0.047242
accZ	21.450000	22.250000	0.800000	-0.308537
Pitch	21.450000	22.250000	0.800000	-0.011683
Roll	21.450000	22.250000	0.800000	0.027360
yaw	21.450000	22.250000	0.800000	0.001207



accX
accX	22.300000	23.900000	1.600000	0.198211
accY	22.300000	23.900000	1.600000	-0.070643
accZ	22.300000	23.900000	1.600000	-1.222822
Pitch	22.300000	23.900000	1.600000	-0.160541
Roll	22.300000	23.900000	1.600000	-0.141116
yaw	22.300000	23.900000	1.600000	0.059804



accX
accX	41.900000	42.700000	0.800000	-0.002441
accY	41.900000	42.700000	0.800000	-0.005231
accZ	41.900000	42.700000	0.800000	-0.317095
Pitch	41.900000	42.700000	0.800000	0.210826
Roll	41.900000	42.700000	0.800000	-0.047195
yaw	41.900000	42.700000	0.800000	0.010068



accX
accX	43.100000	43.900000	0.800000	-0.021027
accY	43.100000	43.900000	0.800000	-0.245881
accZ	43.100000	43.900000	0.800000	-0.132879
Pitch	43.100000	43.900000	0.800000	0.816757
Roll	43.100000	43.900000	0.800000	-0.003407
yaw	43.100000	43.900000	0.800000	-0.054593



accX
accX	51.950000	59.950000	8.000000	22.015779
accY	51.950000	59.950000	8.000000	-0.031498
accZ	51.950000	59.950000	8.000000	-9.678671
Pitch	51.950000	59.950000	8.000000	-0.035827
Roll	51.950000	59.950000	8.000000	0.067583
yaw	51.950000	59.950000	8.000000	-0.022285



