less20
Type	start		end		Perid		length/angle
accY
accX	0.000000	1.600000	1.600000	0.021397
accY	0.000000	1.600000	1.600000	-0.025384
accZ	0.000000	1.600000	1.600000	-1.265315
Pitch	0.000000	1.600000	1.600000	-0.014620
Roll	0.000000	1.600000	1.600000	0.004199
yaw	0.000000	1.600000	1.600000	-0.014320



accY
accX	1.700000	2.500000	0.800000	0.005861
accY	1.700000	2.500000	0.800000	0.015425
accZ	1.700000	2.500000	0.800000	-0.316272
Pitch	1.700000	2.500000	0.800000	-0.003190
Roll	1.700000	2.500000	0.800000	-0.007683
yaw	1.700000	2.500000	0.800000	-0.010933



accY
accX	4.500000	5.300000	0.800000	0.004330
accY	4.500000	5.300000	0.800000	0.003089
accZ	4.500000	5.300000	0.800000	-0.316291
Pitch	4.500000	5.300000	0.800000	0.000461
Roll	4.500000	5.300000	0.800000	-0.001906
yaw	4.500000	5.300000	0.800000	0.003669



accY
accX	5.350000	6.150000	0.800000	0.000384
accY	5.350000	6.150000	0.800000	0.017614
accZ	5.350000	6.150000	0.800000	-0.316367
Pitch	5.350000	6.150000	0.800000	-0.002707
Roll	5.350000	6.150000	0.800000	-0.006745
yaw	5.350000	6.150000	0.800000	0.037924



accY
accX	6.450000	7.250000	0.800000	0.003478
accY	6.450000	7.250000	0.800000	-0.009896
accZ	6.450000	7.250000	0.800000	-0.316517
Pitch	6.450000	7.250000	0.800000	0.003094
Roll	6.450000	7.250000	0.800000	-0.008447
yaw	6.450000	7.250000	0.800000	-0.024036



accY
accX	18.650000	20.250000	1.600000	0.079248
accY	18.650000	20.250000	1.600000	-0.039164
accZ	18.650000	20.250000	1.600000	-1.287727
Pitch	18.650000	20.250000	1.600000	0.167655
Roll	18.650000	20.250000	1.600000	0.099383
yaw	18.650000	20.250000	1.600000	-0.071029



accY
accX	21.650000	23.250000	1.600000	0.209106
accY	21.650000	23.250000	1.600000	-0.154030
accZ	21.650000	23.250000	1.600000	-1.209773
Pitch	21.650000	23.250000	1.600000	-0.160147
Roll	21.650000	23.250000	1.600000	-0.019434
yaw	21.650000	23.250000	1.600000	0.047448



accY
accX	41.750000	49.750000	8.000000	-1.205549
accY	41.750000	49.750000	8.000000	-21.588594
accZ	41.750000	49.750000	8.000000	-11.716459
Pitch	41.750000	49.750000	8.000000	0.002722
Roll	41.750000	49.750000	8.000000	-0.026760
yaw	41.750000	49.750000	8.000000	-0.021457



