less20
Type	start		end		Perid		length/angle
accZ
accX	18.000000	19.600000	1.600000	0.029146
accY	18.000000	19.600000	1.600000	-0.000407
accZ	18.000000	19.600000	1.600000	-1.302182
Pitch	18.000000	19.600000	1.600000	0.096486
Roll	18.000000	19.600000	1.600000	0.101372
yaw	18.000000	19.600000	1.600000	-0.047974



accZ
accX	22.650000	23.450000	0.800000	0.050719
accY	22.650000	23.450000	0.800000	-0.012893
accZ	22.650000	23.450000	0.800000	-0.306624
Pitch	22.650000	23.450000	0.800000	-0.100281
Roll	22.650000	23.450000	0.800000	-0.079292
yaw	22.650000	23.450000	0.800000	0.053110



accZ
accX	42.100000	43.700000	1.600000	-0.049114
accY	42.100000	43.700000	1.600000	-0.288285
accZ	42.100000	43.700000	1.600000	-1.116148
Pitch	42.100000	43.700000	1.600000	1.388924
Roll	42.100000	43.700000	1.600000	-0.107103
yaw	42.100000	43.700000	1.600000	-0.059776



accZ
accX	47.300000	48.900000	1.600000	-0.049704
accY	47.300000	48.900000	1.600000	-1.137729
accZ	47.300000	48.900000	1.600000	-0.259021
Pitch	47.300000	48.900000	1.600000	-1.311392
Roll	47.300000	48.900000	1.600000	0.009075
yaw	47.300000	48.900000	1.600000	0.040016



accZ
accX	52.300000	53.900000	1.600000	0.323810
accY	52.300000	53.900000	1.600000	-0.001814
accZ	52.300000	53.900000	1.600000	-1.087713
Pitch	52.300000	53.900000	1.600000	0.002525
Roll	52.300000	53.900000	1.600000	1.500462
yaw	52.300000	53.900000	1.600000	-0.078100



accZ
accX	57.300000	59.700000	2.400000	2.286847
accY	57.300000	59.700000	2.400000	-0.003611
accZ	57.300000	59.700000	2.400000	-0.785292
Pitch	57.300000	59.700000	2.400000	-0.037858
Roll	57.300000	59.700000	2.400000	-1.610144
yaw	57.300000	59.700000	2.400000	0.045850



