less20
0.525000	0.016418	-0.000173	-0.989072	-0.000644	0.003858	-0.001318
0.575000	0.016718	-0.000172	-0.988885	-0.000747	0.003850	-0.002129
0.625000	0.016673	-0.000227	-0.988838	-0.002115	0.003023	-0.001219
0.675000	0.017669	-0.001628	-0.988547	-0.002267	0.002319	-0.000186
0.725000	0.017136	-0.007259	-0.988446	-0.001843	0.003079	0.004451
0.775000	0.016830	-0.015279	-0.988211	-0.000299	0.003240	0.015104
0.825000	0.017410	-0.021877	-0.988166	-0.000304	0.003902	0.022109
0.875000	0.015057	-0.028402	-0.988363	0.001119	0.005453	0.028206
0.925000	0.013581	-0.033051	-0.988264	0.000576	0.004861	0.021257
0.975000	0.014616	-0.034344	-0.988610	0.000847	0.007614	0.008905
1.025000	0.013990	-0.036881	-0.988810	-0.001767	0.008686	0.001845
1.075000	0.015022	-0.037112	-0.988761	-0.006205	0.009892	-0.003142
1.125000	0.018360	-0.035249	-0.988616	-0.008391	0.011504	-0.010136
1.175000	0.016758	-0.032023	-0.988519	-0.010949	0.011594	-0.007775
1.225000	0.021174	-0.037263	-0.988515	-0.009027	0.008091	-0.008603
1.275000	0.021032	-0.038129	-0.988416	-0.006354	0.007210	0.010323
1.325000	0.014893	-0.039413	-0.988319	-0.010712	0.009216	0.020734
1.375000	0.016893	-0.035558	-0.988410	-0.013952	0.006728	0.007740
1.425000	0.017452	-0.035530	-0.988407	-0.014235	0.003072	0.009674
1.475000	0.021306	-0.036224	-0.988063	-0.017184	0.000318	0.013164
1.525000	0.018004	-0.034416	-0.988013	-0.018204	0.001340	0.012881
1.575000	0.013898	-0.030475	-0.988112	-0.014574	0.000815	0.012085
1.625000	0.015149	-0.024471	-0.988263	-0.013063	0.001466	-0.003000
1.675000	0.013099	-0.019825	-0.988165	-0.012437	0.001353	-0.016882
1.725000	0.015894	-0.006681	-0.988706	-0.013342	-0.000394	-0.039640
1.775000	0.016144	0.006066	-0.988898	-0.013055	-0.001730	-0.050009
1.825000	0.016217	0.019030	-0.988950	-0.014298	-0.002038	-0.064774
1.875000	0.020086	0.032761	-0.988799	-0.017502	-0.004190	-0.072336
1.925000	0.022028	0.042905	-0.988798	-0.018719	-0.004324	-0.067663
1.975000	0.021345	0.046601	-0.988649	-0.019098	-0.006910	-0.051035
2.025000	0.022199	0.050265	-0.988450	-0.018469	-0.008297	-0.040232
2.075000	0.020798	0.049532	-0.988351	-0.015194	-0.010622	-0.034803
2.125000	0.017763	0.050671	-0.988447	-0.008082	-0.015613	-0.015495
2.175000	0.019785	0.047980	-0.988641	-0.005513	-0.014917	-0.017969
2.225000	0.015486	0.053706	-0.988151	-0.007182	-0.011164	-0.017140
2.275000	0.015784	0.054869	-0.988047	-0.009288	-0.010152	-0.036355
2.325000	0.021971	0.056203	-0.988342	-0.004804	-0.012083	-0.046536
2.375000	0.019724	0.052494	-0.988393	-0.003323	-0.011607	-0.033457
2.425000	0.018938	0.052995	-0.988496	-0.004203	-0.009956	-0.034783
2.475000	0.014883	0.054086	-0.988596	-0.001364	-0.009687	-0.038241
2.525000	0.017803	0.052712	-0.988350	-0.000947	-0.011231	-0.037795
2.575000	0.021376	0.049007	-0.988787	-0.004904	-0.010991	-0.035796
2.625000	0.020172	0.043402	-0.988441	-0.004912	-0.011052	-0.021803
2.675000	0.020979	0.040353	-0.988644	-0.005752	-0.010468	-0.008677
2.725000	0.018720	0.032939	-0.988155	-0.004462	-0.009599	0.009093
2.775000	0.018578	0.028407	-0.988010	-0.005795	-0.008303	0.008688
2.825000	0.017691	0.022378	-0.988206	-0.004738	-0.008234	0.017021
2.875000	0.016031	0.015314	-0.988261	-0.001985	-0.006971	0.018894
2.925000	0.015665	0.009969	-0.988262	0.000028	-0.005944	0.021109
2.975000	0.015268	0.007662	-0.988116	-0.000169	-0.006227	0.017110
3.025000	0.014942	0.006583	-0.988118	0.001640	-0.006087	0.013358
3.075000	0.015371	0.007742	-0.988460	0.002591	-0.006879	0.012080
3.125000	0.015015	0.004739	-0.988414	-0.002831	-0.003431	0.000392
3.175000	0.014559	0.004594	-0.988218	-0.002279	-0.003677	0.000331
3.225000	0.014556	0.004596	-0.988510	-0.003081	-0.003393	0.000669
3.275000	0.014597	0.004501	-0.988512	-0.003077	-0.003529	0.000545
3.325000	0.014587	0.004209	-0.988214	-0.003070	-0.003963	0.000302
3.375000	0.014639	0.004259	-0.988071	-0.002828	-0.004219	0.000408
3.425000	0.014793	0.004409	-0.988068	-0.002042	-0.003581	0.000640
3.475000	0.014700	0.004503	-0.988264	-0.001799	-0.003718	0.000688
3.525000	0.014753	0.004600	-0.988361	-0.001681	-0.003977	0.000849
3.575000	0.014703	0.004647	-0.988363	-0.001178	-0.003757	0.000325
3.625000	0.014561	0.004642	-0.988658	-0.000750	-0.003176	0.000267
3.675000	0.014662	0.004739	-0.988705	-0.000316	-0.002953	0.000090
3.725000	0.014471	0.004733	-0.989001	-0.000320	-0.002964	0.000371
3.775000	0.014570	0.004636	-0.989095	-0.000497	-0.003098	0.000245
3.825000	0.014660	0.004491	-0.988898	-0.000484	-0.002875	-0.000051
3.875000	0.014658	0.004443	-0.988848	-0.000665	-0.003006	0.000053
3.925000	0.014559	0.004490	-0.988852	-0.000608	-0.003787	0.000500
3.975000	0.014661	0.004639	-0.988802	-0.000418	-0.003144	0.000498
4.025000	0.014463	0.004636	-0.988856	-0.000281	-0.002980	0.000201
4.075000	0.014307	0.004439	-0.988810	0.000212	-0.002095	0.000376
4.125000	0.014515	0.004684	-0.988951	0.000845	-0.001633	-0.000147
4.175000	0.014463	0.004534	-0.989049	0.000679	-0.001349	-0.000444
4.225000	0.014518	0.004631	-0.989194	0.001678	-0.002067	-0.000856
4.275000	0.014366	0.004433	-0.989246	0.001507	-0.002188	-0.000865
4.325000	0.014225	0.004575	-0.989347	0.001334	-0.001415	-0.000808
4.375000	0.014227	0.004574	-0.989642	0.001514	-0.001347	-0.000175
4.425000	0.014227	0.004523	-0.989742	0.000932	-0.002301	-0.000712
4.475000	0.014224	0.004525	-0.989546	0.000592	-0.002183	-0.001180
4.525000	0.014175	0.004375	-0.989697	0.000730	-0.001522	-0.001235
4.575000	0.014168	0.004530	-0.989160	0.000689	-0.001516	-0.001412
4.625000	0.014269	0.004677	-0.989259	0.000715	-0.001512	-0.001820
4.675000	0.014466	0.004681	-0.989209	0.000737	-0.001924	-0.002116
4.725000	0.014565	0.004829	-0.988864	0.001236	-0.001081	-0.001993
4.775000	0.014518	0.005025	-0.988815	0.001677	-0.001013	-0.001993
4.825000	0.014471	0.005123	-0.988664	0.001945	-0.001782	-0.002407
4.875000	0.014717	0.004978	-0.988512	0.001659	-0.002490	-0.002591
4.925000	0.014765	0.004881	-0.988461	0.001181	-0.002127	-0.002593
4.975000	0.014613	0.004682	-0.988559	0.001313	-0.002535	-0.002483
5.025000	0.014816	0.004633	-0.988602	0.001431	-0.001808	-0.001900
5.075000	0.015015	0.004585	-0.988652	0.000703	-0.002038	-0.001677
5.125000	0.014960	0.004391	-0.988609	0.000760	-0.001789	-0.001156
5.175000	0.014664	0.004337	-0.988609	0.000585	-0.002258	-0.001048
5.225000	0.014359	0.004288	-0.988373	-0.000267	-0.002252	-0.000823
5.275000	0.014407	0.004437	-0.988324	-0.000444	-0.002008	-0.000766
5.325000	0.014247	0.004494	-0.988567	0.002457	-0.001809	0.000522
5.375000	0.014105	0.004438	-0.988322	0.001381	-0.002049	-0.000066
5.425000	0.014999	0.008357	-0.988123	0.001821	-0.003454	0.002004
5.475000	0.013187	0.017538	-0.988168	0.001588	-0.004838	0.006385
5.525000	0.010258	0.028333	-0.988115	0.000995	-0.004062	0.019519
5.575000	0.006880	0.033223	-0.988110	0.000741	-0.003277	0.020101
5.625000	0.001788	0.035958	-0.987820	-0.001827	-0.001328	0.018252
5.675000	0.007113	0.042915	-0.987818	-0.001784	-0.001457	0.009978
5.725000	0.008252	0.045282	-0.988112	0.001090	-0.001945	0.007616
5.775000	0.011667	0.049036	-0.987870	-0.000009	-0.001744	-0.003554
5.825000	0.005334	0.054311	-0.988409	0.000219	-0.002802	0.004015
5.875000	0.003638	0.060578	-0.988511	-0.002087	-0.003117	0.015047
5.925000	0.002982	0.060661	-0.988805	-0.004585	-0.009715	0.028855
5.975000	-0.002252	0.059629	-0.988906	-0.008246	-0.008462	0.042613
6.025000	-0.002008	0.056438	-0.988905	-0.007433	-0.009869	0.051049
6.075000	0.001530	0.058203	-0.988611	-0.007078	-0.007680	0.049162
6.125000	0.001540	0.056125	-0.988413	-0.004599	-0.008754	0.054603
6.175000	0.001540	0.060136	-0.988657	-0.006203	-0.005141	0.046180
6.225000	0.002025	0.058096	-0.988706	-0.004984	-0.005808	0.050808
6.275000	0.000485	0.056890	-0.988705	-0.003564	-0.003445	0.061538
6.325000	0.000362	0.054668	-0.988506	-0.005492	-0.004735	0.076671
6.375000	0.001642	0.054140	-0.988404	-0.001693	-0.005681	0.082930
6.425000	0.001324	0.048086	-0.988401	-0.002133	-0.009266	0.074449
6.475000	0.000241	0.030517	-0.988309	0.000565	-0.010299	0.058084
6.525000	0.002218	0.004637	-0.988409	0.002002	-0.012712	0.034179
6.575000	0.006842	-0.009558	-0.988706	0.000664	-0.013609	0.020453
6.625000	0.012631	-0.014689	-0.988556	0.000715	-0.016599	0.011864
6.675000	0.007925	-0.021192	-0.988995	0.003457	-0.021825	0.012177
6.725000	0.006075	-0.023505	-0.988944	0.000338	-0.023766	0.014860
6.775000	0.002164	-0.027463	-0.989194	0.001261	-0.023185	0.025975
6.825000	0.008203	-0.032841	-0.989008	0.001394	-0.020808	0.018766
6.875000	0.009402	-0.039015	-0.989017	0.003767	-0.019831	0.007622
6.925000	0.009616	-0.039056	-0.988927	0.006698	-0.013107	-0.006242
6.975000	0.014597	-0.038123	-0.988737	0.010251	-0.014952	-0.020355
7.025000	0.014065	-0.034592	-0.988991	0.008669	-0.013487	-0.029549
7.075000	0.010079	-0.036262	-0.989144	0.008559	-0.014895	-0.027597
7.125000	0.009773	-0.034039	-0.989199	0.005781	-0.013815	-0.033157
7.175000	0.009722	-0.038000	-0.988965	0.007744	-0.016645	-0.024323
7.225000	0.009041	-0.035913	-0.988874	0.006765	-0.015076	-0.028711
7.275000	0.010491	-0.034615	-0.989073	0.005415	-0.016780	-0.039668
7.325000	0.010535	-0.032209	-0.989232	0.004872	-0.015614	-0.055743
7.375000	0.009198	-0.031479	-0.989243	0.001997	-0.014245	-0.062226
7.425000	0.008228	-0.029350	-0.989596	0.001883	-0.009602	-0.055707
7.475000	0.010774	-0.021014	-0.989701	-0.000768	-0.007705	-0.043269
7.525000	0.011285	-0.005836	-0.989759	-0.001908	-0.006951	-0.032511
7.575000	0.009978	0.003226	-0.989275	0.000109	-0.006647	-0.019019
7.625000	0.009021	0.005428	-0.989185	0.002866	-0.005473	-0.008118
7.675000	0.008199	0.004876	-0.988602	-0.000034	0.000430	-0.000101
7.725000	0.008903	0.004727	-0.988314	-0.000323	0.002510	-0.000665
7.775000	0.009102	0.004876	-0.988464	-0.000396	0.001626	-0.000098
7.825000	0.009297	0.005029	-0.988168	-0.000998	0.000795	-0.000285
7.875000	0.009398	0.004981	-0.988262	-0.000922	0.000616	-0.000752
7.925000	0.009590	0.004887	-0.988112	-0.001168	0.000264	-0.000586
7.975000	0.009453	0.005126	-0.988313	-0.000928	0.000567	-0.000354
8.025000	0.009596	0.004932	-0.988259	-0.000450	-0.000020	0.000104
8.075000	0.009649	0.004979	-0.988356	-0.000083	-0.000372	0.000157
8.125000	0.009604	0.004877	-0.988647	0.000220	-0.001259	0.000321
8.175000	0.009408	0.005023	-0.988556	0.000243	-0.001619	-0.000437
8.225000	0.009458	0.004825	-0.988844	0.000505	-0.001978	-0.001020
8.275000	0.009107	0.004823	-0.988659	0.000742	-0.002626	-0.000680
8.325000	0.009007	0.004824	-0.988564	0.000560	-0.002920	-0.000629
8.375000	0.008852	0.004628	-0.988469	0.000187	-0.003152	-0.000289
8.425000	0.008892	0.004487	-0.988127	0.000249	-0.002494	-0.000286
8.475000	0.008887	0.004491	-0.987884	0.000420	-0.001891	0.000238
8.525000	0.009093	0.004588	-0.988073	0.000611	-0.001592	0.000008
8.575000	0.008912	0.004824	-0.988613	0.000430	-0.001529	0.000004
8.625000	0.008625	0.004964	-0.988914	0.000735	-0.001105	0.000120
8.675000	0.008378	0.004763	-0.989162	0.000617	-0.001638	0.000054
8.725000	0.008188	0.004807	-0.989458	0.000372	-0.002407	0.000159
8.775000	0.007932	0.004710	-0.989124	0.000255	-0.002703	0.000037
8.825000	0.007933	0.004610	-0.989317	0.000678	-0.003054	0.000265
8.875000	0.007784	0.004658	-0.989225	0.000663	-0.003045	0.000898
8.925000	0.007589	0.004901	-0.989134	0.000864	-0.002690	0.000264
8.975000	0.007832	0.004807	-0.989030	0.001053	-0.001974	0.000095
9.025000	0.007777	0.004809	-0.988837	0.001472	-0.001848	0.000443
9.075000	0.007871	0.004616	-0.988784	0.001299	-0.001847	0.000150
9.125000	0.007765	0.004668	-0.988448	0.001003	-0.001431	-0.000140
9.175000	0.008018	0.004667	-0.988684	0.000868	-0.002196	0.000428
9.225000	0.008067	0.004619	-0.988634	0.000984	-0.002011	0.000717
9.275000	0.008220	0.004618	-0.988824	0.000631	-0.002072	0.000307
9.325000	0.008270	0.004567	-0.988968	0.000700	-0.002368	0.000071
9.375000	0.008517	0.004521	-0.989010	0.001079	-0.002249	-0.000334
9.425000	0.008469	0.004620	-0.988963	0.001199	-0.002066	-0.000218
9.475000	0.008618	0.004620	-0.989056	0.001160	-0.002485	-0.000977
9.525000	0.008556	0.004477	-0.988669	0.000909	-0.002658	-0.000636
9.575000	0.008451	0.004330	-0.988574	0.000367	-0.002483	-0.000933
9.625000	0.008534	0.003844	-0.988422	-0.000975	-0.003382	-0.001011
9.675000	0.008755	0.004428	-0.988809	0.000310	-0.003067	0.001019
9.725000	0.008461	0.004471	-0.988963	0.000796	-0.003071	0.000959
9.775000	0.008611	0.004176	-0.989345	0.001649	-0.003133	0.000901
9.825000	0.008305	0.004178	-0.988915	0.001396	-0.002901	0.001008
9.875000	0.008307	0.004128	-0.989059	0.002001	-0.003264	0.001000
9.925000	0.008255	0.003783	-0.989349	0.002041	-0.003503	0.001626
9.975000	0.008205	0.003487	-0.989590	0.001611	-0.004167	0.001491
10.025000	0.008006	0.003436	-0.989452	0.001187	-0.003941	0.001134
10.075000	0.007712	0.003529	-0.989510	0.001242	-0.004069	0.001122
10.125000	0.007767	0.003577	-0.989703	0.001599	-0.003542	0.001175
10.175000	0.007115	0.003525	-0.989429	0.001603	-0.002485	0.000709
10.225000	0.003664	0.004417	-0.989285	0.000003	-0.002296	0.003235
10.275000	-0.000457	0.003979	-0.989489	0.000172	-0.002286	0.005709
10.325000	-0.006690	0.004597	-0.989320	0.000015	-0.002347	0.013503
10.375000	-0.011457	0.003951	-0.989639	-0.000430	-0.002238	0.013834
10.425000	-0.015514	0.004961	-0.991116	-0.002522	-0.003343	0.011888
10.475000	-0.021234	0.004860	-0.990247	-0.003015	-0.001214	0.018483
10.525000	-0.023729	0.005887	-0.988232	-0.004469	0.000923	0.013157
10.575000	-0.025455	0.006955	-0.987460	-0.004300	-0.000534	0.011107
10.625000	-0.026784	0.007629	-0.987601	-0.001219	-0.005092	0.014309
10.675000	-0.030341	0.006092	-0.987356	-0.002610	-0.007748	0.018139
10.725000	-0.028850	0.007579	-0.987149	-0.001690	-0.003357	0.010766
10.775000	-0.030475	0.008464	-0.986900	-0.001005	-0.001901	0.014472
10.825000	-0.030642	0.008971	-0.987131	-0.000971	-0.012605	0.001928
10.875000	-0.029494	0.009242	-0.986879	0.001154	-0.009904	-0.002501
10.925000	-0.027111	0.010027	-0.986915	-0.000399	-0.003020	-0.010903
10.975000	-0.025449	0.008221	-0.986669	-0.002500	0.000756	-0.021419
11.025000	-0.025114	0.008778	-0.986702	-0.003407	-0.001029	-0.028624
11.075000	-0.020547	0.007318	-0.986539	-0.004096	-0.008436	-0.039233
11.125000	-0.015147	0.007526	-0.986333	-0.004272	-0.009436	-0.039430
11.175000	-0.019394	0.008444	-0.986353	-0.003575	-0.011780	-0.010768
11.225000	-0.014767	0.006016	-0.986299	-0.002640	-0.011610	-0.006956
11.275000	-0.004533	0.006660	-0.985989	-0.001631	-0.011878	-0.012637
11.325000	0.007724	0.007435	-0.986102	-0.000566	-0.009788	-0.027320
11.375000	0.018633	0.008398	-0.985728	-0.000084	-0.009351	-0.033808
11.425000	0.022578	0.008157	-0.984828	-0.002243	-0.007875	-0.037353
11.475000	0.028750	0.009270	-0.985932	-0.000130	-0.014741	-0.043032
11.525000	0.031367	0.008527	-0.988139	0.002173	-0.016331	-0.037730
11.575000	0.033142	0.007659	-0.988669	0.002412	-0.015865	-0.035080
11.625000	0.034386	0.007520	-0.988584	-0.000231	-0.011352	-0.038774
11.675000	0.037626	0.008620	-0.988300	0.000055	-0.008580	-0.044724
11.725000	0.036227	0.007089	-0.988261	-0.001169	-0.011823	-0.037489
11.775000	0.037704	0.006499	-0.988177	-0.002590	-0.012428	-0.041165
11.825000	0.038172	0.005942	-0.988231	-0.002914	-0.001351	-0.029167
11.875000	0.036877	0.005815	-0.988391	-0.005941	-0.003917	-0.025233
11.925000	0.034901	0.005275	-0.988638	-0.004261	-0.010245	-0.017085
11.975000	0.033098	0.007471	-0.988794	-0.001922	-0.013161	-0.006296
12.025000	0.032713	0.006961	-0.988906	-0.000711	-0.011233	0.000944
12.075000	0.028295	0.008475	-0.988968	0.000169	-0.003804	0.011297
12.125000	0.022747	0.008362	-0.989130	0.000300	-0.003675	0.011057
12.175000	0.027499	0.007594	-0.989342	-0.001068	-0.002080	-0.017524
12.225000	0.026221	0.009229	-0.989300	-0.000346	-0.002424	-0.023897
12.275000	0.020152	0.008927	-0.989258	-0.001597	-0.002208	-0.020438
12.325000	0.014016	0.007244	-0.989024	-0.002510	-0.003448	-0.013636
12.375000	0.007627	0.006972	-0.989037	-0.002805	-0.004274	-0.007115
12.425000	0.007692	0.006150	-0.988609	0.000961	-0.005467	-0.001959
12.475000	0.006896	0.005083	-0.988576	-0.000364	-0.000473	-0.002676
12.525000	0.006631	0.004893	-0.988535	-0.001159	-0.000647	-0.002569
12.575000	0.006777	0.004696	-0.988676	-0.000963	-0.000165	-0.003031
12.625000	0.006874	0.004451	-0.988866	-0.000489	-0.000154	-0.002510
12.675000	0.006982	0.004744	-0.989011	-0.000422	-0.000203	-0.002627
12.725000	0.006979	0.004647	-0.988962	-0.000360	-0.000369	-0.002573
12.775000	0.006990	0.004640	-0.989448	-0.000282	-0.000362	-0.003094
12.825000	0.006749	0.004784	-0.989552	-0.000030	-0.000286	-0.003209
12.875000	0.006847	0.004687	-0.989598	0.000150	-0.000206	-0.002920
12.925000	0.006645	0.004837	-0.989215	-0.000386	-0.000431	-0.003216
12.975000	0.006694	0.004790	-0.989213	-0.000563	-0.000943	-0.003163
13.025000	0.006838	0.004596	-0.989255	-0.000498	-0.001157	-0.003049
13.075000	0.006934	0.004449	-0.989300	-0.000556	-0.001430	-0.002878
13.125000	0.006931	0.004153	-0.989492	-0.000378	-0.001575	-0.002355
13.175000	0.006975	0.004007	-0.989393	0.000174	-0.001425	-0.002117
13.225000	0.007073	0.003860	-0.989535	0.000055	-0.001632	-0.001886
13.275000	0.006882	0.003904	-0.989783	-0.000132	-0.001238	-0.001358
13.325000	0.006845	0.004144	-0.990125	-0.000433	-0.001976	-0.001073
13.375000	0.006751	0.004039	-0.990517	-0.000295	-0.001588	-0.001296
13.425000	0.006707	0.004086	-0.990712	0.000075	-0.000952	-0.000992
13.475000	0.006756	0.004137	-0.990614	-0.000655	-0.001685	-0.000591
13.525000	0.006761	0.004184	-0.990807	-0.000345	-0.001288	-0.000348
13.575000	0.006516	0.004131	-0.990959	-0.000757	-0.001490	-0.000398
13.625000	0.006524	0.004226	-0.991202	-0.001040	-0.000921	-0.000730
13.675000	0.006421	0.003978	-0.991300	-0.001517	-0.000652	-0.000776
13.725000	0.006475	0.004076	-0.991396	-0.001449	-0.001214	-0.000654
13.775000	0.006662	0.004086	-0.990856	-0.001208	-0.001773	-0.000183
13.825000	0.006655	0.003990	-0.990661	-0.000729	-0.001740	0.000468
13.875000	0.006552	0.003843	-0.990662	-0.000304	-0.001710	0.000773
13.925000	0.006445	0.003548	-0.990615	-0.000429	-0.001977	0.001187
13.975000	0.006535	0.003305	-0.990466	-0.000170	-0.002197	0.000793
14.025000	0.006643	0.003549	-0.990611	-0.000103	-0.001462	0.000696
14.075000	0.006591	0.003649	-0.990371	-0.000520	-0.001502	0.000474
14.125000	0.006540	0.003700	-0.990227	0.000098	0.000120	0.000213
14.175000	0.007014	0.003123	-0.989918	0.001550	0.001511	0.000649
14.225000	0.009644	0.003252	-0.989944	0.003906	0.003860	0.001504
14.275000	0.011016	0.002679	-0.989951	0.004785	0.003649	0.002846
14.325000	0.017347	0.002412	-0.989731	0.004613	0.003041	-0.006695
14.375000	0.022694	0.003320	-0.988476	0.003826	0.002633	-0.013751
14.425000	0.030359	0.003266	-0.987833	0.002615	0.004044	-0.016514
14.475000	0.034328	0.003803	-0.987819	0.003434	0.008566	-0.017676
14.525000	0.036775	0.005791	-0.987862	0.002061	0.008226	-0.016638
14.575000	0.037700	0.003162	-0.987756	0.000354	0.011067	-0.005509
14.625000	0.038474	0.000532	-0.987407	-0.002050	0.007311	-0.000113
14.675000	0.039330	-0.000130	-0.987154	-0.001502	0.012909	0.006425
14.725000	0.039253	-0.001504	-0.986948	-0.000513	0.017751	0.014752
14.775000	0.040004	-0.001500	-0.987328	0.000414	0.022017	0.018561
14.825000	0.038457	-0.001759	-0.987415	0.001527	0.015377	0.027017
14.875000	0.042237	-0.002488	-0.987206	-0.000387	0.020896	0.025328
14.925000	0.041235	-0.002277	-0.987191	-0.000039	0.016485	0.030444
14.975000	0.043732	-0.003222	-0.987084	-0.002720	0.008667	0.028052
15.025000	0.043046	-0.001892	-0.986782	-0.003557	0.015820	0.029336
15.075000	0.044037	-0.001618	-0.986871	-0.002875	0.015524	0.035592
15.125000	0.045882	-0.001954	-0.987008	-0.005167	0.017752	0.038908
15.175000	0.044434	-0.003769	-0.987407	-0.005920	0.016210	0.039479
15.225000	0.040828	-0.004729	-0.987327	-0.009888	0.019297	0.039323
15.275000	0.037817	-0.005167	-0.987067	-0.011404	0.016052	0.036578
15.325000	0.032674	-0.003990	-0.986886	-0.011059	0.009411	0.039539
15.375000	0.023011	-0.005193	-0.988177	-0.010799	0.005318	0.047903
15.425000	0.013452	-0.005022	-0.988616	-0.010544	0.001120	0.051924
15.475000	0.007664	-0.005360	-0.988518	-0.010254	-0.004101	0.054606
15.525000	0.003636	-0.008015	-0.988315	-0.007582	-0.002936	0.052499
15.575000	0.003065	-0.005286	-0.988114	-0.005900	-0.005207	0.039591
15.625000	0.000892	-0.003161	-0.988013	-0.003290	-0.001155	0.035130
15.675000	-0.004120	-0.004406	-0.988013	-0.003800	-0.005551	0.031210
15.725000	-0.008575	-0.001463	-0.988110	-0.003967	-0.010038	0.030473
15.775000	-0.008862	-0.001423	-0.988063	-0.006281	-0.014069	0.027877
15.825000	-0.006635	-0.001247	-0.987863	-0.007463	-0.008574	0.019241
15.875000	-0.009956	-0.000374	-0.988401	-0.004947	-0.013334	0.020829
15.925000	-0.000975	-0.005730	-0.988501	-0.004793	-0.014264	0.011352
15.975000	-0.003270	-0.004587	-0.988653	-0.001402	-0.005089	0.014109
16.025000	-0.002289	-0.006009	-0.988850	-0.000943	-0.013505	0.012931
16.075000	-0.003069	-0.006190	-0.989290	-0.001887	-0.013280	0.006964
16.125000	-0.004319	-0.005749	-0.989042	-0.000456	-0.017191	0.003572
16.175000	-0.002991	-0.003456	-0.989378	-0.001217	-0.017159	0.002228
16.225000	-0.001820	-0.002619	-0.989232	0.000279	-0.022894	0.001018
16.275000	0.000162	-0.001804	-0.989621	0.001636	-0.019023	0.002496
16.325000	-0.000684	-0.002754	-0.989819	0.001341	-0.012017	0.008679
16.375000	0.004127	-0.002403	-0.989721	0.001605	-0.007691	0.007726
16.425000	0.006361	-0.002612	-0.989721	0.002550	-0.005268	0.006472
16.475000	0.008681	-0.002709	-0.989918	0.001483	-0.003620	0.005200
16.525000	0.010553	-0.002135	-0.989924	0.000431	-0.004277	0.005701
16.575000	0.010646	-0.002032	-0.990026	0.001113	-0.004498	0.007551
16.625000	0.012350	-0.001379	-0.990566	0.001191	-0.004688	0.006846
16.675000	0.016796	0.000436	-0.990617	0.001561	-0.006796	0.004391
16.725000	0.021666	-0.001224	-0.990473	0.000553	-0.006636	-0.003605
16.775000	0.021405	-0.001268	-0.990378	0.001935	-0.006948	-0.005171
16.825000	0.021072	-0.001180	-0.990482	0.001630	-0.006239	-0.005291
16.875000	0.021211	-0.001220	-0.990186	0.000411	-0.007315	-0.005374
16.925000	0.013735	0.003976	-0.990331	0.000435	-0.001873	-0.000792
16.975000	0.013689	0.003974	-0.990477	-0.000354	-0.003134	-0.001056
17.025000	0.013490	0.003922	-0.990530	0.000023	-0.002790	-0.001646
17.075000	0.013383	0.003827	-0.990240	0.000215	-0.002806	-0.002188
17.125000	0.013287	0.003823	-0.990437	-0.000098	-0.002400	-0.002092
17.175000	0.013235	0.004021	-0.990148	-0.000242	-0.002406	-0.001479
17.225000	0.013196	0.004164	-0.990394	-0.000262	-0.002177	-0.000982
17.275000	0.013388	0.004221	-0.990000	-0.000627	-0.002908	-0.001249
17.325000	0.013342	0.004269	-0.990049	-0.000161	-0.002443	-0.000751
17.375000	0.013100	0.004261	-0.990396	0.000387	-0.002342	-0.001008
17.425000	0.012947	0.004113	-0.990350	0.000622	-0.002061	-0.000975
17.475000	0.012901	0.004010	-0.990691	0.001483	-0.002084	-0.001581
17.525000	0.012855	0.004008	-0.990838	0.001171	-0.002936	-0.001622
17.575000	0.012652	0.003859	-0.990842	0.001148	-0.002594	-0.001130
17.625000	0.012495	0.003664	-0.990650	0.000968	-0.002731	-0.001505
17.675000	0.012548	0.003713	-0.990746	0.000962	-0.002270	-0.001584
17.725000	0.012554	0.003709	-0.991037	0.001129	-0.002104	-0.001260
17.775000	0.012554	0.003709	-0.991037	0.000807	-0.001225	-0.000992
17.825000	0.012602	0.003660	-0.991035	0.000796	-0.000883	-0.000901
17.875000	0.012403	0.003756	-0.990945	0.000858	-0.000367	-0.001271
17.925000	0.012254	0.003904	-0.990755	0.000793	0.000037	-0.001404
17.975000	0.012509	0.003952	-0.991040	0.000546	0.000321	-0.001540
18.025000	0.012709	0.004005	-0.990987	-0.000084	-0.000104	-0.001049
18.075000	0.012806	0.003958	-0.990936	-0.000025	0.000064	-0.001239
18.125000	0.012900	0.003864	-0.990787	-0.000086	0.000230	-0.001487
18.175000	0.012992	0.003722	-0.990588	0.000466	0.000099	-0.001850
18.225000	0.013037	0.003576	-0.990586	0.000341	0.000269	-0.001980
18.275000	0.012798	0.003766	-0.990837	0.000832	0.000497	-0.002338
18.325000	0.013042	0.003720	-0.990734	0.000597	0.000546	-0.002871
18.375000	0.013177	0.003580	-0.990244	0.000644	0.000305	-0.002540
18.425000	0.013191	0.003969	-0.990490	0.000030	0.000358	-0.002614
18.475000	0.013290	0.003970	-0.990487	-0.000577	-0.000006	-0.002863
18.525000	0.013244	0.004116	-0.990440	-0.000528	0.000468	-0.002639
18.575000	0.013528	0.003980	-0.989946	-0.000882	0.000815	-0.003286
18.625000	0.013474	0.003982	-0.989754	-0.001576	0.000521	-0.002609
18.675000	0.013231	0.004322	-0.989665	-0.002553	-0.000971	-0.002696
18.725000	0.013312	0.005197	-0.990107	-0.005376	-0.003888	-0.002170
18.775000	0.012894	0.007577	-0.991058	-0.006967	-0.006151	-0.002092
18.825000	0.011855	0.006970	-0.991761	-0.007431	-0.007076	-0.005466
18.875000	0.010677	0.003720	-0.996046	-0.011084	-0.004331	-0.010503
18.925000	0.009560	0.004391	-1.003370	-0.010621	0.002834	-0.014492
18.975000	0.015122	0.003111	-1.019443	-0.019572	0.004139	-0.026627
19.025000	0.015183	0.004581	-1.030094	-0.015562	0.012974	-0.024160
19.075000	0.016245	0.000806	-1.042528	-0.022831	0.014178	-0.021650
19.125000	0.017426	-0.000696	-1.053322	-0.021696	0.010781	-0.009475
19.175000	0.017405	-0.003461	-1.062538	-0.007990	0.019339	0.006696
19.225000	0.014306	-0.003080	-1.067872	0.007616	0.030137	0.020239
19.275000	0.014783	-0.002711	-1.073546	0.016774	0.049619	0.014735
19.325000	0.019411	-0.000964	-1.074843	0.030259	0.067119	-0.006554
19.375000	0.026123	0.002296	-1.074491	0.041110	0.096715	-0.032202
19.425000	0.034712	0.004237	-1.068345	0.057414	0.127877	-0.056532
19.475000	0.042072	0.003222	-1.059054	0.074315	0.150047	-0.068793
19.525000	0.045777	0.001559	-1.044122	0.101005	0.169310	-0.068472
19.575000	0.052834	-0.004496	-1.031012	0.116070	0.167511	-0.066267
19.625000	0.057359	-0.009132	-1.015988	0.131592	0.157121	-0.060376
19.675000	0.063797	-0.016036	-1.007360	0.130140	0.145181	-0.065180
19.725000	0.068905	-0.022681	-0.996535	0.147765	0.122036	-0.055517
19.775000	0.073540	-0.032278	-0.990172	0.152803	0.125681	-0.061590
19.825000	0.077949	-0.038944	-0.983787	0.167971	0.113046	-0.053812
19.875000	0.084639	-0.042902	-0.974396	0.170807	0.105529	-0.057047
19.925000	0.091423	-0.050764	-0.964537	0.172674	0.096837	-0.058273
19.975000	0.093369	-0.057356	-0.947041	0.183054	0.091522	-0.049472
20.025000	0.099426	-0.066019	-0.934232	0.179461	0.082674	-0.054027
20.075000	0.104642	-0.070532	-0.921280	0.183562	0.085850	-0.059181
20.125000	0.109855	-0.075539	-0.908761	0.183787	0.088553	-0.069915
20.175000	0.115681	-0.080537	-0.899530	0.169231	0.080672	-0.084182
20.225000	0.123997	-0.088294	-0.894052	0.153384	0.071602	-0.098004
20.275000	0.129318	-0.096320	-0.887828	0.141801	0.050213	-0.093115
20.325000	0.130132	-0.105672	-0.885506	0.130352	0.031900	-0.070553
20.375000	0.129422	-0.116293	-0.885305	0.118737	0.000514	-0.046029
20.425000	0.126957	-0.125626	-0.889630	0.106558	-0.031761	-0.020937
20.475000	0.125121	-0.132404	-0.897359	0.090282	-0.053156	-0.009364
20.525000	0.127447	-0.138486	-0.911201	0.064643	-0.072597	-0.010319
20.575000	0.125990	-0.140591	-0.924493	0.048594	-0.068672	-0.014653
20.625000	0.127241	-0.143796	-0.938140	0.034024	-0.057336	-0.021977
20.675000	0.125887	-0.144892	-0.945653	0.035711	-0.039695	-0.019320
20.725000	0.126804	-0.147199	-0.954213	0.019592	-0.015723	-0.030587
20.775000	0.128085	-0.147492	-0.958842	0.012753	-0.016400	-0.025656
20.825000	0.131226	-0.147334	-0.964201	-0.003791	-0.005712	-0.032130
20.875000	0.132171	-0.147340	-0.969083	-0.004387	0.000771	-0.025942
20.925000	0.132751	-0.147604	-0.971010	-0.007097	0.002644	-0.022701
20.975000	0.131869	-0.147421	-0.971230	-0.007326	0.006133	-0.018736
21.025000	0.131582	-0.147231	-0.971433	-0.005721	0.010693	-0.014984
21.075000	0.131697	-0.146694	-0.971580	-0.004804	0.007981	-0.012689
21.125000	0.131508	-0.147101	-0.972457	-0.004690	0.008819	-0.012392
21.175000	0.131647	-0.147192	-0.972112	-0.005107	0.009174	-0.012737
21.225000	0.132240	-0.146537	-0.971227	-0.002800	0.007279	-0.012279
21.275000	0.133466	-0.147012	-0.971142	-0.002086	0.010441	-0.011667
21.325000	0.133906	-0.147400	-0.971273	-0.003172	0.012303	-0.009863
21.375000	0.134592	-0.147388	-0.970914	-0.001442	0.016604	-0.008484
21.425000	0.134301	-0.147544	-0.971358	-0.004253	0.018291	-0.005997
21.475000	0.134703	-0.147195	-0.971204	-0.003807	0.020509	-0.004470
21.525000	0.134486	-0.147135	-0.970287	-0.004699	0.023556	-0.003116
21.575000	0.135116	-0.146473	-0.968816	-0.005116	0.020779	-0.001119
21.625000	0.136623	-0.146470	-0.969797	-0.008509	0.019757	-0.001899
21.675000	0.139561	-0.146347	-0.970399	-0.007365	0.015385	0.001077
21.725000	0.140984	-0.145907	-0.971530	-0.004660	0.019866	0.002464
21.775000	0.142864	-0.146083	-0.971625	-0.001803	0.019242	0.005135
21.825000	0.142932	-0.146758	-0.970939	0.001317	0.024820	0.009195
21.875000	0.142642	-0.147430	-0.969678	0.004009	0.023913	0.013483
21.925000	0.142825	-0.147815	-0.969427	0.003421	0.025119	0.014938
21.975000	0.143778	-0.148061	-0.970275	-0.000388	0.026571	0.011404
22.025000	0.145911	-0.148585	-0.971041	0.001647	0.023596	0.010695
22.075000	0.147375	-0.148255	-0.969595	0.005891	0.025577	0.011606
22.125000	0.147932	-0.148721	-0.968362	0.004722	0.029724	0.009614
22.175000	0.149904	-0.148046	-0.967148	0.003665	0.032130	0.005755
22.225000	0.151418	-0.149605	-0.967873	0.000417	0.034512	0.006281
22.275000	0.152002	-0.149343	-0.967083	0.003596	0.034517	0.006011
22.325000	0.154220	-0.149112	-0.966247	0.003880	0.032939	0.002297
22.375000	0.156120	-0.148821	-0.964400	0.005024	0.032214	0.000621
22.425000	0.158807	-0.147691	-0.958990	0.007729	0.033323	-0.002476
22.475000	0.161227	-0.145605	-0.951505	0.002846	0.037166	-0.004723
22.525000	0.164248	-0.143071	-0.943813	-0.011718	0.040216	-0.007552
22.575000	0.165157	-0.140471	-0.936906	-0.033152	0.043289	-0.006658
22.625000	0.165813	-0.139194	-0.933592	-0.057988	0.045857	-0.008507
22.675000	0.167503	-0.134207	-0.928043	-0.073126	0.037728	-0.003401
22.725000	0.168518	-0.131360	-0.928230	-0.096701	0.037839	-0.006828
22.775000	0.168704	-0.123215	-0.922984	-0.106074	0.032860	-0.002934
22.825000	0.169406	-0.117047	-0.923299	-0.122526	0.033185	-0.003601
22.875000	0.174282	-0.109330	-0.924680	-0.140460	0.025522	-0.005679
22.925000	0.176303	-0.104825	-0.926020	-0.156868	0.022799	-0.001111
22.975000	0.176951	-0.095605	-0.924949	-0.152669	0.028440	0.010416
23.025000	0.175789	-0.088494	-0.922697	-0.155541	0.024117	0.026557
23.075000	0.176838	-0.082768	-0.923487	-0.154703	0.011000	0.043333
23.125000	0.175233	-0.078100	-0.924292	-0.151337	-0.003352	0.061384
23.175000	0.175763	-0.071585	-0.927725	-0.146011	-0.027479	0.077102
23.225000	0.173855	-0.064545	-0.930206	-0.146106	-0.042556	0.087781
23.275000	0.173401	-0.058574	-0.936967	-0.158709	-0.050696	0.084802
23.325000	0.168563	-0.052110	-0.939816	-0.162080	-0.057202	0.083219
23.375000	0.166415	-0.042558	-0.944412	-0.166482	-0.061792	0.070021
23.425000	0.161302	-0.034072	-0.952968	-0.175623	-0.074285	0.065402
23.475000	0.157454	-0.029482	-0.964912	-0.184508	-0.085078	0.058023
23.525000	0.146889	-0.023888	-0.976654	-0.172598	-0.100194	0.069058
23.575000	0.144575	-0.018237	-0.987253	-0.158902	-0.115538	0.061243
23.625000	0.138315	-0.012132	-0.993538	-0.132568	-0.126857	0.068805
23.675000	0.132616	-0.011215	-1.004241	-0.120722	-0.126236	0.056844
23.725000	0.128974	-0.006300	-1.006754	-0.092922	-0.137079	0.057478
23.775000	0.123344	-0.006621	-1.015019	-0.075577	-0.138688	0.061146
23.825000	0.119380	-0.003899	-1.016602	-0.057636	-0.145788	0.056322
23.875000	0.111533	-0.001540	-1.020134	-0.037625	-0.137554	0.055871
23.925000	0.104453	0.003579	-1.019241	-0.017548	-0.158828	0.049079
23.975000	0.094670	0.000433	-1.019529	-0.019900	-0.172686	0.043792
24.025000	0.090689	0.003532	-1.022232	-0.016693	-0.177876	0.028896
24.075000	0.081434	0.005026	-1.023366	-0.020597	-0.178484	0.015217
24.125000	0.075115	0.008900	-1.024632	-0.024546	-0.173288	-0.001476
24.175000	0.066438	0.009848	-1.023315	-0.027749	-0.152946	-0.014498
24.225000	0.060841	0.011472	-1.021484	-0.025073	-0.141090	-0.025945
24.275000	0.053381	0.012928	-1.016154	-0.014976	-0.133711	-0.020616
24.325000	0.050366	0.014180	-1.015028	-0.012540	-0.125777	-0.018448
24.375000	0.044315	0.011001	-1.013661	-0.009019	-0.122315	-0.004341
24.425000	0.040808	0.008981	-1.011797	-0.003472	-0.110490	-0.000039
24.475000	0.036160	0.009850	-1.008865	0.009271	-0.106167	0.009095
24.525000	0.037935	0.009311	-1.006725	0.011699	-0.097203	0.000166
24.575000	0.032976	0.008645	-1.004909	0.020455	-0.084749	0.007616
24.625000	0.031248	0.009002	-1.002383	0.022071	-0.076274	0.003941
24.675000	0.027470	0.010539	-0.997684	0.025364	-0.068833	0.010564
24.725000	0.022370	0.010413	-0.995634	0.019986	-0.061324	0.013032
24.775000	0.020385	0.010227	-0.993304	0.012231	-0.055528	0.004075
24.825000	0.016873	0.009072	-0.992565	0.009692	-0.051455	0.007627
24.875000	0.013433	0.006825	-0.989434	0.006864	-0.052762	0.008467
24.925000	0.011970	0.004988	-0.990189	0.003849	-0.030611	0.011139
24.975000	0.013166	0.006604	-0.990994	0.004725	-0.023144	0.007857
25.025000	0.010141	0.003970	-0.991544	0.000207	-0.014784	0.005478
25.075000	0.010300	0.004263	-0.991687	0.001625	-0.004162	0.002343
25.125000	0.011168	0.003145	-0.991850	0.002194	0.000827	0.001467
25.175000	0.011097	0.002612	-0.991410	0.002564	0.001360	0.001242
25.225000	0.010889	0.002566	-0.991027	0.001046	0.002127	0.000952
25.275000	0.011143	0.002713	-0.991167	0.001950	0.001871	-0.000954
25.325000	0.010655	0.002803	-0.991374	0.001165	0.000676	-0.001259
25.375000	0.009925	0.003580	-0.991107	-0.000375	-0.000572	-0.000700
25.425000	0.010017	0.003238	-0.991151	-0.000677	-0.001764	-0.000770
25.475000	0.009819	0.003284	-0.991156	-0.000731	-0.001887	-0.001060
25.525000	0.009823	0.003381	-0.991206	-0.000909	-0.002247	-0.001238
25.575000	0.009571	0.003330	-0.991115	0.000066	-0.002128	-0.001231
25.625000	0.009579	0.003474	-0.991309	0.000371	-0.002070	-0.001287
25.675000	0.009382	0.003471	-0.991364	-0.000236	-0.001954	-0.001404
25.725000	0.009478	0.003423	-0.991312	-0.000431	-0.001773	-0.000998
25.775000	0.009180	0.003568	-0.991126	-0.000179	-0.001599	-0.001342
25.825000	0.009190	0.003761	-0.991370	0.000055	-0.001418	-0.000991
25.875000	0.009383	0.003667	-0.991218	-0.000486	-0.001602	-0.001342
25.925000	0.009176	0.003572	-0.990883	-0.000480	-0.001725	-0.001574
25.975000	0.009475	0.003575	-0.990924	-0.000495	-0.002495	-0.001060
26.025000	0.009528	0.003474	-0.991213	-0.000018	-0.001778	-0.000703
26.075000	0.009623	0.003479	-0.990968	0.000157	-0.001719	-0.000469
26.125000	0.009673	0.003529	-0.990870	0.000223	-0.002022	-0.000759
26.175000	0.009885	0.003819	-0.991207	-0.000012	-0.001851	-0.001162
26.225000	0.009834	0.003572	-0.991400	-0.000326	-0.001793	-0.000930
26.275000	0.009737	0.003917	-0.991114	-0.001357	-0.002157	-0.001226
26.325000	0.009733	0.003968	-0.990873	-0.001188	-0.002037	-0.000818
26.375000	0.009834	0.004118	-0.990774	-0.001783	-0.001631	-0.001509
26.425000	0.009779	0.004121	-0.990533	-0.001187	-0.001689	-0.001099
26.475000	0.009914	0.003784	-0.990236	-0.001014	-0.002047	-0.000867
26.525000	0.009862	0.003686	-0.990187	-0.001143	-0.001692	-0.000746
26.575000	0.009965	0.003684	-0.990379	-0.001622	-0.001878	-0.001210
26.625000	0.010016	0.003831	-0.990330	-0.001983	-0.001349	-0.001551
26.675000	0.010124	0.004027	-0.990521	-0.002286	-0.000876	-0.001719
26.725000	0.010226	0.003976	-0.990762	-0.002580	-0.000762	-0.002238
26.775000	0.010276	0.003779	-0.990953	-0.002097	-0.000643	-0.002173
26.825000	0.010318	0.003733	-0.990709	-0.002392	-0.000945	-0.002637
26.875000	0.010268	0.003783	-0.990614	-0.002390	-0.001185	-0.002809
26.925000	0.010319	0.003833	-0.990660	-0.001962	-0.000650	-0.002971
26.975000	0.009974	0.004076	-0.990477	-0.002136	-0.000059	-0.003425
27.025000	0.009777	0.004023	-0.990579	-0.002074	-0.000239	-0.003596
27.075000	0.009724	0.004023	-0.990484	-0.002134	-0.000059	-0.003705
27.125000	0.009723	0.004023	-0.990435	-0.002074	0.000300	-0.003755
27.175000	0.009712	0.003931	-0.990046	-0.002217	0.000308	-0.003057
27.225000	0.009856	0.003885	-0.989897	-0.001728	0.000490	-0.003163
27.275000	0.009908	0.003884	-0.990041	-0.000581	0.000975	-0.002800
27.325000	0.009911	0.003835	-0.990186	-0.000404	0.001515	-0.002673
27.375000	0.010056	0.003738	-0.990132	0.000142	0.002295	-0.002599
27.425000	0.010155	0.003690	-0.990178	-0.000280	0.002237	-0.002827
27.475000	0.010264	0.003933	-0.990371	-0.000154	0.001884	-0.002998
27.525000	0.010213	0.003834	-0.990469	0.000090	0.002722	-0.003040
27.575000	0.010416	0.003885	-0.990511	0.000033	0.002428	-0.003210
27.625000	0.010258	0.003741	-0.990223	0.000142	0.002081	-0.002743
27.675000	0.010159	0.003740	-0.990226	0.000583	0.002025	-0.003255
27.725000	0.010157	0.003792	-0.990032	0.000644	0.001734	-0.003250
27.775000	0.010255	0.003942	-0.989836	0.000699	0.002040	-0.003008
27.825000	0.010303	0.003846	-0.989786	0.000207	0.001811	-0.002831
27.875000	0.010353	0.003746	-0.989929	0.000255	0.003251	-0.002347
27.925000	0.010548	0.003651	-0.989877	0.000190	0.002249	-0.002118
27.975000	0.010349	0.003598	-0.989930	0.000261	0.001243	-0.002407
28.025000	0.010344	0.003651	-0.989639	0.000456	0.001070	-0.002804
28.075000	0.010347	0.003550	-0.989880	-0.000146	0.000658	-0.003035
28.125000	0.010352	0.003499	-0.990122	-0.000455	0.000194	-0.002801
28.175000	0.010156	0.003594	-0.990128	-0.000745	0.000020	-0.003258
28.225000	0.010447	0.003551	-0.989925	-0.000874	0.000450	-0.002899
28.275000	0.010336	0.003161	-0.989828	-0.001294	0.000636	-0.003064
28.325000	0.010384	0.003210	-0.989732	-0.001058	0.000472	-0.002650
28.375000	0.010525	0.003068	-0.989532	-0.001492	-0.000526	-0.002247
28.425000	0.010580	0.003312	-0.989582	-0.001671	-0.000218	-0.002294
28.475000	0.010429	0.003214	-0.989537	-0.002467	0.000032	-0.002056
28.525000	0.010487	0.003407	-0.989683	-0.002948	-0.001030	-0.002174
28.575000	0.010489	0.003505	-0.989684	-0.002824	-0.001137	-0.002107
28.625000	0.010686	0.003508	-0.989629	-0.002643	-0.000826	-0.001920
28.675000	0.010632	0.003510	-0.989484	-0.002598	-0.001224	-0.001162
28.725000	0.010434	0.003558	-0.989393	-0.002168	-0.001033	-0.001149
28.775000	0.010432	0.003310	-0.989586	-0.002822	-0.001740	-0.001612
28.825000	0.010437	0.003358	-0.989731	-0.002448	-0.001134	-0.001769
28.875000	0.010339	0.003406	-0.989734	-0.001956	-0.002311	-0.001767
28.925000	0.010194	0.003451	-0.989835	-0.002021	-0.002118	-0.001468
28.975000	0.010188	0.003307	-0.989688	-0.001835	-0.001332	-0.001450
29.025000	0.010286	0.003259	-0.989733	-0.002757	-0.001436	-0.001042
29.075000	0.010281	0.003261	-0.989539	-0.002562	-0.001604	-0.001322
29.125000	0.010281	0.003261	-0.989539	-0.002560	-0.001055	-0.001250
29.175000	0.010183	0.003259	-0.989590	-0.002201	-0.000621	-0.000829
29.225000	0.009890	0.003303	-0.989696	-0.002188	-0.000850	-0.001169
29.275000	0.010046	0.003646	-0.989645	-0.002004	-0.001192	-0.001046
29.325000	0.009895	0.003498	-0.989648	-0.001857	-0.000591	-0.001841
29.375000	0.009602	0.003590	-0.989803	-0.001362	0.000017	-0.001939
29.425000	0.009655	0.003490	-0.990042	-0.001535	-0.000567	-0.002167
29.475000	0.009454	0.003439	-0.989951	-0.000853	-0.000020	-0.002438
29.525000	0.009397	0.003344	-0.989758	-0.000369	0.000176	-0.002134
29.575000	0.009191	0.003197	-0.989617	-0.000379	0.000194	-0.001604
29.625000	0.009251	0.003338	-0.990006	-0.000418	-0.000037	-0.002291
29.675000	0.009496	0.003094	-0.990096	0.000207	-0.000264	-0.002685
29.725000	0.009399	0.002992	-0.990340	0.000204	-0.000307	-0.002444
29.775000	0.009450	0.003040	-0.990436	0.000493	0.000546	-0.001731
29.825000	0.009343	0.002993	-0.990147	0.000569	0.000378	-0.002185
29.875000	0.009438	0.002947	-0.990047	0.000641	0.000270	-0.002465
29.925000	0.009389	0.002946	-0.990096	0.000418	0.000397	-0.003091
29.975000	0.009639	0.002850	-0.990283	-0.000133	-0.000421	-0.002918
30.025000	0.009249	0.003041	-0.990343	0.000245	-0.000409	-0.003253
30.075000	0.009306	0.003087	-0.990585	0.000233	-0.000450	-0.002665
30.125000	0.009149	0.002990	-0.990395	0.001150	-0.000196	-0.002648
30.175000	0.009450	0.003042	-0.990485	0.001227	-0.000246	-0.003158
30.225000	0.009404	0.003090	-0.990630	0.001156	-0.000111	-0.002686
30.275000	0.009203	0.002991	-0.990587	0.000795	0.000021	-0.002792
30.325000	0.009351	0.002943	-0.990632	0.000788	-0.001210	-0.002389
30.375000	0.009412	0.002837	-0.991261	0.000544	-0.001019	-0.002322
30.425000	0.009007	0.002689	-0.991077	0.000918	-0.000887	-0.002539
30.475000	0.009106	0.002690	-0.991074	0.000915	-0.002299	-0.002311
30.525000	0.009103	0.002542	-0.991170	0.001165	-0.002939	-0.002420
30.575000	0.009099	0.002544	-0.990976	0.001351	-0.003520	-0.002414
30.625000	0.008384	0.002004	-0.990602	0.001945	-0.004748	-0.001718
30.675000	0.007684	0.001753	-0.990571	0.001208	-0.005625	-0.001430
30.725000	0.007477	0.001657	-0.990285	0.000889	-0.005189	-0.000839
30.775000	0.007037	0.001600	-0.990539	0.000600	-0.006051	0.000955
30.825000	0.006792	0.001496	-0.990836	0.000958	-0.007164	0.001363
30.875000	0.006295	0.001293	-0.990945	0.001072	-0.008455	0.001768
30.925000	0.006638	0.000953	-0.991128	0.002000	-0.010504	0.003674
30.975000	0.009230	-0.000536	-0.991241	0.003759	-0.016210	0.015617
31.025000	0.006502	-0.000466	-0.991072	0.005543	-0.021940	0.038029
31.075000	0.007957	-0.002218	-0.991653	0.007090	-0.027318	0.053329
31.125000	0.006252	-0.002076	-0.990533	0.008525	-0.032795	0.084186
31.175000	0.003875	-0.002353	-0.990935	0.009928	-0.034631	0.122944
31.225000	0.001540	-0.002527	-0.990900	0.011339	-0.035080	0.163680
31.275000	-0.001598	-0.002600	-0.990205	0.013088	-0.036754	0.200877
31.325000	0.001288	-0.005343	-0.989282	0.016118	-0.038088	0.235829
31.375000	-0.002490	-0.003571	-0.989006	0.018445	-0.039249	0.290156
31.425000	-0.000638	-0.005466	-0.989769	0.021723	-0.039214	0.338540
31.475000	0.002424	-0.007645	-0.987096	0.025283	-0.037066	0.396836
31.525000	0.001695	-0.009089	-0.984773	0.028599	-0.035951	0.459690
31.575000	-0.000541	-0.007600	-0.985039	0.029115	-0.032860	0.517745
31.625000	-0.003191	-0.007349	-0.985986	0.031405	-0.033243	0.559755
31.675000	0.001005	-0.009346	-0.985179	0.033394	-0.035591	0.608512
31.725000	0.004092	-0.009836	-0.984169	0.038306	-0.029911	0.682234
31.775000	-0.002155	-0.007188	-0.985764	0.039524	-0.025786	0.775473
31.825000	-0.006590	-0.006908	-0.986663	0.043252	-0.021769	0.843387
31.875000	-0.003074	-0.007828	-0.985348	0.045713	-0.019151	0.901679
31.925000	-0.009737	-0.006083	-0.984615	0.045706	-0.015849	0.970086
31.975000	-0.014079	-0.003345	-0.984653	0.044926	-0.007272	1.010365
32.025000	-0.014511	-0.002099	-0.986229	0.043165	-0.001019	1.037196
32.075000	-0.016485	-0.001331	-0.985656	0.041984	0.004113	1.065178
32.125000	-0.013794	-0.002055	-0.987280	0.038419	0.011025	1.079685
32.175000	-0.012281	-0.004326	-0.986446	0.036359	0.013722	1.095029
32.225000	-0.014857	-0.003145	-0.987447	0.035314	0.013746	1.097571
32.275000	-0.012965	-0.003577	-0.988414	0.034988	0.016748	1.093723
32.325000	-0.015244	-0.002692	-0.989793	0.031873	0.019378	1.075627
32.375000	-0.009196	-0.006239	-0.989364	0.029838	0.021339	1.049084
32.425000	-0.013055	-0.004895	-0.988067	0.026317	0.024822	1.052917
32.475000	-0.018813	-0.001971	-0.991254	0.023490	0.030909	1.035373
32.525000	-0.019662	-0.000251	-0.993620	0.019416	0.033032	1.000723
32.575000	-0.016953	-0.003259	-0.994012	0.017865	0.031144	0.963042
32.625000	-0.019219	-0.000195	-0.993413	0.014642	0.032482	0.946726
32.675000	-0.022811	0.001903	-0.994497	0.012151	0.036687	0.905277
32.725000	-0.026106	0.001851	-0.995654	0.007143	0.031308	0.837407
32.775000	-0.018816	-0.002197	-0.993584	0.006728	0.027769	0.755118
32.825000	-0.015410	-0.001752	-0.992475	0.002641	0.023050	0.707448
32.875000	-0.021923	0.002414	-0.993651	-0.000715	0.022160	0.662015
32.925000	-0.016215	0.000617	-0.993825	-0.001941	0.021762	0.591724
32.975000	-0.015311	-0.000739	-0.993598	-0.002433	0.019745	0.539586
33.025000	-0.012460	-0.002499	-0.992198	-0.001728	0.018591	0.490528
33.075000	-0.012494	-0.001962	-0.992348	-0.000966	0.017360	0.446214
33.125000	-0.014530	-0.001733	-0.991820	0.000173	0.017831	0.399140
33.175000	-0.012685	0.001463	-0.995731	-0.000902	0.022844	0.348104
33.225000	-0.008470	0.000052	-0.995074	-0.000840	0.022634	0.304836
33.275000	-0.007878	0.000260	-0.994670	-0.002026	0.021740	0.271736
33.325000	-0.009180	0.001862	-0.994473	-0.001824	0.021414	0.255077
33.375000	-0.012108	0.003390	-0.994804	-0.002000	0.020334	0.227534
33.425000	-0.010452	0.003643	-0.995491	-0.001406	0.017549	0.175858
33.475000	-0.008199	0.002744	-0.995229	-0.002329	0.010402	0.135356
33.525000	-0.007122	0.002169	-0.995245	-0.002063	0.007771	0.107280
33.575000	-0.008145	0.003338	-0.994746	-0.001646	0.006640	0.087202
33.625000	-0.003229	-0.000027	-0.994445	-0.001130	0.007121	0.061065
33.675000	-0.003732	-0.000029	-0.994118	-0.000385	0.006583	0.053778
33.725000	-0.003632	0.000121	-0.993923	-0.000757	0.005395	0.047173
33.775000	-0.004940	0.001379	-0.993821	-0.001323	0.005220	0.034156
33.825000	-0.004163	0.000603	-0.993941	-0.001508	0.007060	0.013696
33.875000	-0.001377	-0.002837	-0.993745	-0.000966	0.006645	0.000278
33.925000	-0.001324	-0.002938	-0.994035	-0.000787	0.005579	0.000445
33.975000	-0.000973	-0.002837	-0.994123	-0.000605	0.005642	0.000449
34.025000	-0.001070	-0.002888	-0.994270	-0.001165	0.005528	0.000852
34.075000	-0.001133	-0.002881	-0.993639	-0.002222	0.006845	0.001555
34.125000	-0.000539	-0.002972	-0.993719	-0.002023	0.004186	0.003270
34.175000	-0.002128	-0.004165	-0.990206	-0.000657	-0.002025	0.000215
34.225000	-0.001782	-0.004061	-0.990003	-0.000885	-0.001493	-0.000415
34.275000	-0.001432	-0.004209	-0.990334	-0.001048	-0.002865	-0.001120
34.325000	-0.001289	-0.004204	-0.990038	-0.001655	-0.003400	-0.001241
34.375000	-0.001141	-0.004102	-0.989890	-0.001579	-0.003045	-0.001814
34.425000	-0.001102	-0.004195	-0.989499	-0.002250	-0.003936	-0.001823
34.475000	-0.001208	-0.004341	-0.989356	-0.002252	-0.003636	-0.001760
34.525000	-0.001210	-0.004340	-0.989259	-0.002069	-0.003811	-0.001758
34.575000	-0.001250	-0.004098	-0.989408	-0.001451	-0.003157	-0.002094
34.625000	-0.001295	-0.004051	-0.989555	-0.002120	-0.003513	-0.002156
34.675000	-0.001251	-0.004295	-0.989601	-0.002052	-0.003334	-0.002441
34.725000	-0.001288	-0.003954	-0.989846	-0.001330	-0.003030	-0.002084
34.775000	-0.001039	-0.004151	-0.990082	-0.001377	-0.003330	-0.002605
34.825000	-0.001136	-0.004253	-0.990278	-0.001314	-0.004101	-0.002667
34.875000	-0.000935	-0.004151	-0.990224	-0.001741	-0.004456	-0.002670
34.925000	-0.000780	-0.003954	-0.990270	-0.001383	-0.003677	-0.002369
34.975000	-0.000633	-0.004150	-0.990410	-0.001502	-0.003795	-0.002484
35.025000	-0.000529	-0.004003	-0.990457	-0.001617	-0.003081	-0.002764
35.075000	-0.000271	-0.004008	-0.990985	-0.001124	-0.002721	-0.002985
35.125000	-0.000508	-0.003868	-0.991284	-0.001423	-0.002957	-0.003215
35.175000	-0.000759	-0.003819	-0.991096	-0.001297	-0.002596	-0.003379
35.225000	-0.000912	-0.003720	-0.990858	-0.001306	-0.002706	-0.003028
35.275000	-0.001109	-0.003773	-0.991010	-0.001558	-0.002282	-0.002731
35.325000	-0.001199	-0.003729	-0.991400	-0.001435	-0.001919	-0.002779
35.375000	-0.001303	-0.003828	-0.991306	-0.001489	-0.002390	-0.003010
35.425000	-0.001294	-0.003834	-0.991743	-0.001166	-0.001675	-0.003690
35.475000	-0.001193	-0.003883	-0.991885	-0.001515	-0.001555	-0.004322
35.525000	-0.001292	-0.003885	-0.991888	-0.001447	-0.001013	-0.004601
35.575000	-0.001199	-0.003880	-0.991593	-0.001992	-0.000828	-0.004714
35.625000	-0.001199	-0.004029	-0.991786	-0.001633	-0.000044	-0.004468
35.675000	-0.001244	-0.003883	-0.991788	-0.002054	-0.000632	-0.004645
35.725000	-0.001395	-0.003985	-0.991842	-0.002276	0.000022	-0.005449
35.775000	-0.001593	-0.003938	-0.991848	-0.002591	0.000507	-0.005097
35.825000	-0.001495	-0.004034	-0.991893	-0.001990	0.001293	-0.004738
35.875000	-0.001541	-0.004137	-0.992233	-0.001448	0.001840	-0.004440
35.925000	-0.001487	-0.004189	-0.992474	-0.001572	0.001670	-0.004325
35.975000	-0.001533	-0.004094	-0.992574	-0.001514	0.002096	-0.004204
36.025000	-0.001340	-0.004237	-0.992422	-0.001533	0.002229	-0.003449
36.075000	-0.001440	-0.004237	-0.992377	-0.001974	0.001585	-0.002880
36.125000	-0.000999	-0.004131	-0.992074	-0.001362	0.001650	-0.002935
36.175000	-0.000754	-0.004176	-0.991970	-0.001126	0.001362	-0.002590
36.225000	-0.000709	-0.004370	-0.991967	-0.001368	0.000592	-0.002600
36.275000	-0.000707	-0.004073	-0.991677	-0.000881	0.000658	-0.002540
36.325000	-0.000771	-0.004265	-0.991241	-0.001066	0.000187	-0.002431
36.375000	-0.000769	-0.004266	-0.991338	-0.001434	0.000190	-0.002319
36.425000	-0.000768	-0.004166	-0.991291	-0.001691	-0.000576	-0.001808
36.475000	-0.000665	-0.003822	-0.991097	-0.000538	-0.000331	-0.001569
36.525000	-0.000610	-0.003725	-0.991193	-0.000601	-0.000625	-0.001457
36.575000	-0.000504	-0.003779	-0.991628	-0.000056	-0.001037	-0.001285
36.625000	-0.000257	-0.003626	-0.991380	-0.000051	-0.001513	-0.001463
36.675000	-0.000353	-0.003531	-0.991479	0.000001	-0.001449	-0.001116
36.725000	-0.000560	-0.003577	-0.991143	-0.000320	-0.002505	-0.000317
36.775000	-0.000651	-0.003384	-0.991291	-0.000190	-0.003092	-0.000436
36.825000	-0.000355	-0.003330	-0.991138	-0.001198	-0.004463	-0.001321
36.875000	-0.000401	-0.003233	-0.991189	-0.001306	-0.003269	-0.001715
36.925000	-0.001151	-0.003188	-0.990821	-0.001047	-0.003444	-0.002119
36.975000	-0.002788	-0.003206	-0.990767	-0.000735	-0.004192	-0.006751
37.025000	-0.003963	-0.002534	-0.990658	-0.000324	-0.006027	-0.019606
37.075000	-0.003964	-0.000478	-0.990575	0.000908	-0.005614	-0.047244
37.125000	-0.004214	-0.000430	-0.990388	0.002142	-0.005683	-0.088597
37.175000	-0.007114	0.001227	-0.992081	0.001230	-0.005791	-0.127243
37.225000	-0.013515	0.004723	-0.992326	0.002886	-0.009879	-0.159201
37.275000	-0.015752	0.006062	-0.992832	0.003102	-0.009210	-0.224037
37.325000	-0.018417	0.007880	-0.993595	0.004665	-0.006761	-0.302734
37.375000	-0.016956	0.008824	-0.993659	0.005754	-0.009218	-0.390964
37.425000	-0.019815	0.009277	-0.993885	0.005888	-0.010413	-0.477684
37.475000	-0.017088	0.010003	-0.993233	0.005413	-0.012207	-0.571296
37.525000	-0.017308	0.010678	-0.993731	0.004591	-0.009722	-0.658855
37.575000	-0.019473	0.011041	-0.994034	0.002944	-0.004830	-0.749868
37.625000	-0.015799	0.011624	-0.993697	0.002512	-0.004023	-0.851960
37.675000	-0.015015	0.012402	-0.994653	0.002448	-0.000496	-0.942803
37.725000	-0.011087	0.012736	-0.994940	0.002004	0.000275	-1.021817
37.775000	-0.012006	0.015511	-0.995180	0.003747	0.000322	-1.089140
37.825000	-0.008796	0.014610	-0.995768	0.000839	-0.001003	-1.162691
37.875000	-0.008879	0.015194	-0.995873	0.000921	-0.003765	-1.218017
37.925000	-0.007609	0.015270	-0.994964	0.000849	-0.005425	-1.269921
37.975000	-0.005145	0.016517	-0.995247	-0.000556	-0.005778	-1.315341
38.025000	-0.002616	0.016048	-0.995953	-0.001081	-0.002922	-1.348176
38.075000	-0.001942	0.013319	-0.995820	-0.002764	-0.002818	-1.362762
38.125000	0.000669	0.012016	-0.996664	-0.003977	-0.003870	-1.360697
38.175000	0.003231	0.012303	-0.995577	-0.003066	-0.004417	-1.349129
38.225000	0.009881	0.008662	-0.995519	-0.004037	-0.001186	-1.347081
38.275000	0.012521	0.006827	-0.995921	-0.005135	-0.002341	-1.303772
38.325000	0.016995	0.004202	-0.994957	-0.006658	-0.004659	-1.237743
38.375000	0.015971	0.002871	-0.994878	-0.007179	-0.002258	-1.150031
38.425000	0.018291	0.002705	-0.994621	-0.007680	-0.000517	-1.063019
38.475000	0.015116	0.002126	-0.995042	-0.008427	0.002772	-0.969168
38.525000	0.015683	0.001107	-0.994921	-0.008765	0.004816	-0.881458
38.575000	0.018103	0.000942	-0.994709	-0.007215	0.000044	-0.791197
38.625000	0.014488	0.000603	-0.995192	-0.006486	0.000677	-0.688685
38.675000	0.013812	0.000069	-0.994283	-0.006351	-0.002726	-0.598014
38.725000	0.010399	0.000226	-0.994326	-0.005899	-0.002844	-0.519285
38.775000	0.011464	-0.002399	-0.993842	-0.007406	-0.002353	-0.451668
38.825000	0.008006	-0.001352	-0.993067	-0.004207	0.000286	-0.377642
38.875000	0.008139	-0.001688	-0.992721	-0.004116	0.002398	-0.321918
38.925000	0.007671	-0.001463	-0.993707	-0.004532	0.003938	-0.270019
38.975000	0.006593	-0.002395	-0.993049	-0.003928	0.004930	-0.219739
39.025000	0.005148	-0.002454	-0.992649	-0.002753	0.003910	-0.174797
39.075000	0.004279	-0.001488	-0.992679	-0.002355	0.003399	-0.132746
39.125000	0.001624	-0.000041	-0.991935	-0.002327	0.004831	-0.092878
39.175000	0.001871	-0.001694	-0.991479	-0.002941	0.005316	-0.065458
39.225000	0.001781	-0.001206	-0.991340	-0.003070	0.006299	-0.035660
39.275000	0.001427	-0.000806	-0.990478	-0.002375	0.007390	-0.013839
39.325000	-0.000424	0.000343	-0.990633	-0.001848	0.007381	-0.001689
39.375000	-0.000954	0.001170	-0.990410	-0.002664	0.007624	-0.000940
39.425000	-0.000515	0.001129	-0.990155	-0.001684	0.007682	-0.001166
39.475000	-0.000014	0.000932	-0.990627	-0.001314	0.005598	-0.001357
39.525000	-0.000565	0.001276	-0.990012	-0.000459	0.001137	-0.001335
39.575000	-0.000870	0.001228	-0.989681	-0.000853	0.001264	-0.000354
39.625000	-0.000827	0.000985	-0.989629	-0.001269	-0.000110	-0.000774
39.675000	-0.000882	0.000938	-0.989485	-0.001031	0.000130	-0.000597
39.725000	-0.000984	0.000790	-0.989487	-0.000484	0.000488	-0.000533
39.775000	-0.000880	0.000788	-0.989726	-0.000249	0.000193	-0.000246
39.825000	-0.001166	0.000827	-0.990172	0.000040	0.000139	0.000333
39.875000	-0.001214	0.000776	-0.990318	-0.000439	-0.000816	0.000032
39.925000	-0.001364	0.000726	-0.990322	-0.000313	-0.000580	-0.000139
39.975000	-0.001264	0.000578	-0.990513	0.000003	-0.000821	-0.000544
40.025000	-0.001265	0.000627	-0.990416	-0.000732	-0.001416	-0.000438
40.075000	-0.001113	0.000578	-0.990556	-0.000553	-0.000641	-0.000315
40.125000	-0.001114	0.000679	-0.990362	-0.000922	-0.000700	-0.000202
40.175000	-0.000961	0.000580	-0.990648	-0.000732	-0.000880	-0.000434
40.225000	-0.001107	0.000527	-0.990845	-0.001280	-0.000643	-0.000493
40.275000	-0.000852	0.000673	-0.991034	-0.001030	-0.000764	-0.000725
40.325000	-0.000648	0.000723	-0.991174	-0.001166	-0.000759	-0.000205
40.375000	-0.000645	0.000522	-0.991561	-0.000806	-0.000756	0.000028
40.425000	-0.000385	0.000716	-0.991895	-0.001225	-0.000639	-0.000263
40.475000	-0.000439	0.000719	-0.991606	-0.001230	-0.000697	-0.000090
40.525000	-0.000283	0.000914	-0.991749	-0.001163	-0.001114	-0.000268
40.575000	-0.000492	0.000570	-0.991703	-0.001024	-0.001179	-0.000904
40.625000	-0.000981	0.000906	-0.991622	-0.000539	-0.001117	-0.000785
40.675000	-0.001080	0.000905	-0.991625	-0.000960	-0.001239	-0.001021
40.725000	-0.001235	0.000807	-0.991483	-0.001329	-0.001476	-0.000909
40.775000	-0.001290	0.000760	-0.991290	-0.001331	-0.000999	-0.000846
40.825000	-0.000948	0.000668	-0.991182	-0.001129	-0.001421	-0.001543
40.875000	-0.000802	0.000573	-0.991129	-0.000888	-0.001061	-0.001421
40.925000	-0.000948	0.000620	-0.991133	-0.000773	-0.001296	-0.001132
40.975000	-0.000793	0.000617	-0.991469	-0.001072	-0.001357	-0.001363
41.025000	-0.000794	0.000767	-0.991228	-0.001434	-0.001535	-0.001478
41.075000	-0.000797	0.000719	-0.991180	-0.001377	-0.001711	-0.001302
41.125000	-0.000803	0.000474	-0.991227	-0.001853	-0.001773	-0.001702
41.175000	-0.000904	0.000523	-0.991085	-0.001792	-0.001592	-0.001635
41.225000	-0.000906	0.000574	-0.990940	-0.001368	-0.001113	-0.001505
41.275000	-0.001108	0.000526	-0.990799	-0.001552	-0.001884	-0.001388
41.325000	-0.001073	0.000337	-0.990359	-0.001670	-0.001527	-0.001492
41.375000	-0.000827	0.000440	-0.990159	-0.001476	-0.001528	-0.001828
41.425000	-0.000891	0.000002	-0.989964	-0.001541	-0.002119	-0.001591
41.475000	-0.000935	-0.000002	-0.990304	-0.001534	-0.001524	-0.001806
41.525000	-0.000889	0.000001	-0.990108	-0.001668	-0.000507	-0.001324
41.575000	-0.000629	0.000395	-0.990153	-0.001795	0.000330	-0.001071
41.625000	-0.000080	0.000399	-0.990332	-0.002342	0.000688	-0.001056
41.675000	0.000121	0.000449	-0.990424	-0.002350	0.000872	-0.000693
41.725000	0.000373	0.000549	-0.990466	-0.002710	0.000693	-0.000794
41.775000	0.000671	0.000602	-0.990411	-0.003182	0.000094	-0.001304
41.825000	0.000472	0.000747	-0.990321	-0.003806	0.000516	-0.000707
41.875000	0.000371	0.000846	-0.990130	-0.003938	0.000343	-0.000227
41.925000	0.000510	0.000605	-0.989980	-0.004057	0.000641	-0.000262
41.975000	0.000355	0.000607	-0.989692	-0.003401	0.000827	0.000400
42.025000	0.000752	0.000611	-0.989729	-0.002853	0.001543	0.000488
42.075000	0.000895	0.000716	-0.989336	-0.003334	0.001065	0.000328
42.125000	0.001208	0.000908	-0.989864	-0.002173	0.001067	0.000355
42.175000	0.001257	0.001008	-0.989669	-0.001868	0.001664	0.000441
42.225000	0.001545	0.000819	-0.989465	-0.002167	0.000770	0.000336
42.275000	0.001691	0.000871	-0.989317	-0.002034	0.001362	0.000014
42.325000	0.001754	0.000961	-0.989851	-0.002090	0.001599	-0.000079
42.375000	0.001608	0.000908	-0.990049	-0.002330	0.000765	-0.000125
42.425000	0.001649	0.000716	-0.989852	-0.001529	-0.001020	-0.000232
42.475000	0.001448	0.000617	-0.989808	0.000889	-0.003924	0.000760
42.525000	0.001289	0.000027	-0.989954	0.003878	-0.008678	0.000986
42.575000	-0.001033	0.000393	-0.989873	0.007325	-0.014492	0.002359
42.625000	-0.002797	-0.000683	-0.992100	0.014247	-0.022106	0.001538
42.675000	-0.006630	-0.003199	-0.994177	0.033861	-0.039776	-0.001503
42.725000	-0.008110	-0.007677	-0.994963	0.072308	-0.053289	-0.001859
42.775000	-0.009982	-0.013472	-0.995117	0.127623	-0.064149	0.005539
42.825000	-0.011083	-0.024100	-0.995119	0.190927	-0.076483	0.013026
42.875000	-0.016404	-0.034923	-0.995040	0.258487	-0.085654	0.020908
42.925000	-0.019832	-0.049641	-0.995174	0.338335	-0.089481	0.032147
42.975000	-0.028857	-0.066415	-0.990828	0.438364	-0.086711	0.045813
43.025000	-0.036514	-0.089046	-0.983002	0.536560	-0.089658	0.046052
43.075000	-0.043681	-0.114984	-0.973926	0.630233	-0.095172	0.033054
43.125000	-0.048250	-0.146230	-0.957988	0.730903	-0.105034	0.011664
43.175000	-0.051578	-0.181176	-0.941698	0.834108	-0.108280	-0.008900
43.225000	-0.054353	-0.219124	-0.919833	0.931882	-0.119782	-0.026850
43.275000	-0.058011	-0.259972	-0.894762	1.017221	-0.133167	-0.040489
43.325000	-0.060110	-0.304268	-0.865350	1.096915	-0.143515	-0.052978
43.375000	-0.061141	-0.349766	-0.831625	1.173623	-0.137865	-0.059149
43.425000	-0.063067	-0.395655	-0.793549	1.235437	-0.131398	-0.058050
43.475000	-0.065801	-0.442620	-0.758305	1.280046	-0.112740	-0.054796
43.525000	-0.070099	-0.489653	-0.719554	1.321409	-0.104076	-0.050783
43.575000	-0.069496	-0.539229	-0.674045	1.358395	-0.094929	-0.051939
43.625000	-0.072379	-0.585915	-0.636133	1.369798	-0.083410	-0.049803
43.675000	-0.071918	-0.632201	-0.589435	1.375951	-0.065753	-0.052211
43.725000	-0.073994	-0.676072	-0.546613	1.369439	-0.047488	-0.057750
43.775000	-0.074026	-0.719614	-0.499317	1.347995	-0.034018	-0.072376
43.825000	-0.075517	-0.757671	-0.453995	1.311255	-0.023331	-0.082889
43.875000	-0.072193	-0.795793	-0.406744	1.279050	-0.012784	-0.096501
43.925000	-0.067252	-0.830327	-0.352285	1.238070	-0.007626	-0.112525
43.975000	-0.059773	-0.862798	-0.302875	1.154466	-0.009591	-0.119653
44.025000	-0.053960	-0.889992	-0.259959	1.065526	-0.005503	-0.114435
44.075000	-0.050903	-0.912473	-0.217249	0.981316	0.004870	-0.099241
44.125000	-0.046603	-0.931214	-0.177447	0.887508	0.016566	-0.080965
44.175000	-0.046008	-0.945510	-0.142442	0.777216	0.019280	-0.059623
44.225000	-0.044551	-0.957272	-0.112532	0.672903	0.032015	-0.043131
44.275000	-0.043063	-0.965621	-0.087117	0.581629	0.044575	-0.028362
44.325000	-0.042381	-0.970987	-0.064660	0.501075	0.054756	-0.015348
44.375000	-0.044319	-0.974542	-0.047436	0.421940	0.049307	-0.007038
44.425000	-0.043986	-0.977683	-0.033994	0.360685	0.045207	-0.010532
44.475000	-0.042886	-0.979904	-0.018253	0.312685	0.029261	-0.016721
44.525000	-0.040027	-0.982006	-0.005965	0.267688	0.024995	-0.021457
44.575000	-0.040347	-0.982628	-0.000964	0.226478	0.020914	-0.019577
44.625000	-0.038480	-0.984110	0.014451	0.208640	0.016188	-0.020406
44.675000	-0.037206	-0.985083	0.021001	0.182612	0.016613	-0.016144
44.725000	-0.035532	-0.986120	0.029752	0.150984	0.011732	-0.012193
44.775000	-0.034949	-0.986491	0.034434	0.119057	0.009830	-0.006484
44.825000	-0.034435	-0.987197	0.039797	0.091423	0.010960	-0.001766
44.875000	-0.033507	-0.987861	0.044297	0.057376	0.010120	0.003361
44.925000	-0.036988	-0.987658	0.040510	0.017337	0.008860	0.009030
44.975000	-0.037339	-0.988089	0.037880	-0.001087	0.007998	0.002444
45.025000	-0.037819	-0.987609	0.037621	-0.013608	0.006911	-0.003649
45.075000	-0.036120	-0.988445	0.036021	-0.024617	0.002222	-0.006874
45.125000	-0.037686	-0.988240	0.030681	-0.033160	0.000862	-0.004386
45.175000	-0.036636	-0.988385	0.030032	-0.023860	0.000983	-0.005431
45.225000	-0.037166	-0.988051	0.029771	-0.015736	0.000713	-0.003535
45.275000	-0.037388	-0.988585	0.030255	-0.011951	0.001490	-0.003620
45.325000	-0.038141	-0.988220	0.028823	-0.015588	0.000881	-0.004396
45.375000	-0.036905	-0.988900	0.028181	-0.016590	0.001678	-0.007920
45.425000	-0.036912	-0.989128	0.025851	-0.020530	0.001862	-0.006492
45.475000	-0.036652	-0.989532	0.024793	-0.019889	0.001515	-0.005333
45.525000	-0.036239	-0.989538	0.024026	-0.016111	0.001163	-0.005197
45.575000	-0.036295	-0.989534	0.024365	-0.012534	0.002105	-0.006671
45.625000	-0.035934	-0.989687	0.023550	-0.013859	0.002572	-0.007250
45.675000	-0.035416	-0.989697	0.022446	-0.016146	0.002399	-0.006105
45.725000	-0.034964	-0.990094	0.021684	-0.017981	0.002596	-0.003624
45.775000	-0.035595	-0.989793	0.019140	-0.018290	0.002437	-0.001196
45.825000	-0.035583	-0.989749	0.018654	-0.011932	0.003035	-0.001731
45.875000	-0.036724	-0.989246	0.017016	-0.007851	0.002684	-0.001536
45.925000	-0.036369	-0.989762	0.018341	-0.002088	0.003157	-0.002654
45.975000	-0.036649	-0.989378	0.017991	-0.001466	0.003707	-0.000850
46.025000	-0.036128	-0.989804	0.018687	-0.000563	0.003295	-0.000384
46.075000	-0.036745	-0.989928	0.017215	-0.004036	0.003783	0.001744
46.125000	-0.036506	-0.989920	0.017659	-0.004799	0.003830	0.000643
46.175000	-0.037013	-0.989849	0.015994	-0.010893	0.003460	0.000493
46.225000	-0.036995	-0.990062	0.014831	-0.011551	0.002918	0.000024
46.275000	-0.037209	-0.990086	0.013223	-0.009487	0.003041	0.000386
46.325000	-0.036868	-0.990178	0.013378	-0.003266	0.003406	0.000368
46.375000	-0.037201	-0.989743	0.013268	0.000327	0.003729	0.002823
46.425000	-0.037127	-0.989726	0.014484	0.003738	0.003852	0.002961
46.475000	-0.037032	-0.989423	0.015018	0.002362	0.004096	0.004233
46.525000	-0.037621	-0.989433	0.014808	-0.002105	0.004805	0.004797
46.575000	-0.038160	-0.988977	0.012701	-0.005521	0.004559	0.004839
46.625000	-0.037470	-0.989365	0.012480	-0.002133	0.004369	0.003531
46.675000	-0.038059	-0.988976	0.012656	0.003436	0.003652	0.002751
46.725000	-0.038035	-0.988960	0.013870	0.007688	0.003876	0.001047
46.775000	-0.038141	-0.988808	0.014400	0.004469	0.003504	0.000451
46.825000	-0.037952	-0.989198	0.014359	-0.002126	0.003292	-0.001609
46.875000	-0.038127	-0.989315	0.013093	-0.010196	0.003162	-0.001015
46.925000	-0.038042	-0.989288	0.011443	-0.013657	0.002137	-0.001616
46.975000	-0.037788	-0.989388	0.011013	-0.012762	0.001289	-0.003176
47.025000	-0.038235	-0.989025	0.009201	-0.011178	0.001823	-0.003215
47.075000	-0.036830	-0.989388	0.010262	-0.004243	0.002591	-0.004840
47.125000	-0.037450	-0.989111	0.009418	-0.001304	0.002314	-0.002969
47.175000	-0.036891	-0.989529	0.010650	0.006389	0.002799	-0.003203
47.225000	-0.036900	-0.989323	0.011327	0.008708	0.002564	-0.003184
47.275000	-0.035785	-0.989394	0.012426	0.008797	0.002258	-0.004104
47.325000	-0.036900	-0.989323	0.011327	0.003856	0.002035	-0.001694
47.375000	-0.036408	-0.989365	0.011487	0.004325	0.001845	-0.003130
47.425000	-0.036922	-0.989043	0.010354	0.003141	0.001496	-0.002089
47.475000	-0.036801	-0.989323	0.011332	0.006240	0.001548	-0.003740
47.525000	-0.036545	-0.988927	0.011385	0.006925	0.000954	-0.004079
47.575000	-0.035356	-0.989378	0.013218	0.007293	0.000899	-0.003953
47.625000	-0.035530	-0.989365	0.014378	0.001720	0.001462	-0.000498
47.675000	-0.036574	-0.989227	0.014690	-0.008988	0.001822	0.001133
47.725000	-0.037462	-0.988840	0.014954	-0.024487	0.001491	-0.000508
47.775000	-0.037040	-0.989317	0.015504	-0.045481	0.001136	-0.004144
47.825000	-0.036423	-0.988760	0.012795	-0.076044	0.000368	-0.005756
47.875000	-0.035111	-0.988228	0.007627	-0.113195	-0.001183	-0.007295
47.925000	-0.034320	-0.987302	-0.000619	-0.148048	-0.000627	-0.005969
47.975000	-0.033487	-0.986571	-0.008716	-0.178520	-0.000418	-0.004216
48.025000	-0.033573	-0.985368	-0.017279	-0.211430	-0.000609	-0.000283
48.075000	-0.034959	-0.983440	-0.029187	-0.252346	-0.000868	0.004183
48.125000	-0.034699	-0.981054	-0.041055	-0.297165	0.000551	0.004072
48.175000	-0.035547	-0.977124	-0.057336	-0.356815	-0.001799	0.004306
48.225000	-0.036033	-0.972421	-0.078179	-0.423123	-0.009231	0.002780
48.275000	-0.036262	-0.965664	-0.099323	-0.489044	-0.012308	0.002625
48.325000	-0.036051	-0.958118	-0.123959	-0.561913	-0.018470	0.004601
48.375000	-0.036932	-0.946786	-0.153558	-0.641911	-0.016990	0.010656
48.425000	-0.039005	-0.932895	-0.184716	-0.724444	-0.015523	0.015771
48.475000	-0.041366	-0.915614	-0.221832	-0.815993	-0.012667	0.018070
48.525000	-0.042163	-0.896377	-0.260329	-0.903604	-0.008906	0.014499
48.575000	-0.042709	-0.873193	-0.303853	-0.993407	-0.011336	0.010975
48.625000	-0.042835	-0.845243	-0.349924	-1.072291	-0.010974	0.011758
48.675000	-0.041749	-0.815489	-0.397386	-1.144383	-0.012532	0.016322
48.725000	-0.042406	-0.781770	-0.446914	-1.200928	-0.009341	0.030096
48.775000	-0.045623	-0.744129	-0.497366	-1.244906	-0.006193	0.043767
48.825000	-0.046669	-0.705364	-0.546114	-1.273699	-0.002449	0.048389
48.875000	-0.048878	-0.665123	-0.589658	-1.281471	0.000995	0.049248
48.925000	-0.049321	-0.622994	-0.632582	-1.288932	0.002895	0.049979
48.975000	-0.051107	-0.578375	-0.674735	-1.296864	0.005582	0.052334
49.025000	-0.050201	-0.534133	-0.718077	-1.299302	0.010099	0.052190
49.075000	-0.049608	-0.488213	-0.756432	-1.283171	0.013625	0.057868
49.125000	-0.051028	-0.441697	-0.792562	-1.254578	0.019445	0.065023
49.175000	-0.050237	-0.396357	-0.826924	-1.206580	0.029333	0.064920
49.225000	-0.045970	-0.352886	-0.861375	-1.152562	0.052794	0.051494
49.275000	-0.045009	-0.310311	-0.890513	-1.088853	0.058886	0.050112
49.325000	-0.042444	-0.269272	-0.915273	-1.014677	0.068173	0.045000
49.375000	-0.040400	-0.231308	-0.935310	-0.937648	0.071184	0.042797
49.425000	-0.036427	-0.196088	-0.953674	-0.855179	0.070192	0.037984
49.475000	-0.032616	-0.163747	-0.967697	-0.764887	0.067524	0.037133
49.525000	-0.030298	-0.133791	-0.979507	-0.676416	0.063938	0.040545
49.575000	-0.028316	-0.107443	-0.986541	-0.586767	0.065702	0.043086
49.625000	-0.026440	-0.085817	-0.991696	-0.504478	0.065265	0.040360
49.675000	-0.024319	-0.066507	-0.994739	-0.424420	0.066997	0.034401
49.725000	-0.021573	-0.051140	-0.996717	-0.354604	0.063792	0.023772
49.775000	-0.016917	-0.039152	-0.996822	-0.288152	0.060640	0.013412
49.825000	-0.014169	-0.028876	-0.995364	-0.226793	0.058444	0.011015
49.875000	-0.010979	-0.020383	-0.995872	-0.179288	0.057084	0.011151
49.925000	-0.009644	-0.013754	-0.995106	-0.137842	0.054571	0.009856
49.975000	-0.006672	-0.009660	-0.994958	-0.099123	0.051790	0.005592
50.025000	-0.005644	-0.005945	-0.992429	-0.063050	0.047228	0.002281
50.075000	-0.003417	-0.004161	-0.992576	-0.039736	0.043005	-0.007460
50.125000	-0.000105	-0.003753	-0.994045	-0.024303	0.035761	-0.014381
50.175000	0.001632	-0.003487	-0.993854	-0.016568	0.027859	-0.013946
50.225000	-0.000452	-0.002184	-0.989789	-0.006968	0.012537	0.001298
50.275000	0.000359	-0.001691	-0.990111	-0.004815	0.009634	0.002789
50.325000	0.000281	-0.001012	-0.990361	-0.002774	0.006668	0.003932
50.375000	0.000887	-0.001062	-0.990929	0.000231	0.001822	0.001013
50.425000	0.001139	-0.000815	-0.990874	0.000426	0.001514	0.000434
50.475000	0.001141	-0.000616	-0.990729	0.000363	0.001093	0.000373
50.525000	0.001234	-0.000760	-0.990532	0.000306	0.001264	0.000086
50.575000	0.001091	-0.000616	-0.990633	0.000663	0.000905	0.000317
50.625000	0.001048	-0.000423	-0.990685	0.000350	0.000604	0.000487
50.675000	0.001202	-0.000278	-0.990829	0.000226	0.000182	0.000484
50.725000	0.001209	-0.000134	-0.991023	-0.000075	0.000234	0.000194
50.775000	0.001157	-0.000331	-0.991119	0.000405	0.001367	0.000439
50.825000	0.000907	-0.000383	-0.991078	0.000227	0.000474	0.000317
50.875000	0.000954	-0.000331	-0.990884	0.000107	-0.000358	0.000311
50.925000	0.001013	-0.000337	-0.991367	-0.000255	-0.000061	0.000199
50.975000	0.001212	-0.000435	-0.991507	-0.000251	-0.000061	0.000087
51.025000	0.001359	-0.000333	-0.991309	-0.000241	0.000175	-0.000255
51.075000	0.001352	-0.000328	-0.990970	-0.001029	-0.000124	-0.000375
51.125000	0.001358	-0.000084	-0.990971	-0.001271	-0.000242	-0.000375
51.175000	0.001113	0.000060	-0.990931	-0.001447	-0.000065	-0.000603
51.225000	0.001157	0.000014	-0.990735	-0.002103	0.000288	-0.001121
51.275000	0.001006	-0.000184	-0.990834	-0.002155	0.000524	-0.001405
51.325000	0.001099	-0.000227	-0.990588	-0.002094	0.000704	-0.001342
51.375000	0.001200	-0.000177	-0.990633	-0.002572	0.000761	-0.001689
51.425000	0.000948	-0.000327	-0.990639	-0.002337	0.000349	-0.001283
51.475000	0.000954	-0.000330	-0.990882	-0.002085	0.000468	-0.001509
51.525000	0.001105	0.000018	-0.990636	-0.001912	0.000592	-0.001100
51.575000	0.001302	0.000169	-0.990437	-0.001859	0.001072	-0.000745
51.625000	0.001492	-0.000071	-0.990334	-0.001971	0.001248	-0.001088
51.675000	0.001389	-0.000169	-0.990286	-0.002049	0.001612	-0.000388
51.725000	0.001543	-0.000071	-0.990429	-0.001247	0.001612	-0.000670
51.775000	0.001792	0.000130	-0.990231	-0.001359	0.000598	-0.000966
51.825000	0.001849	0.000323	-0.990424	-0.001318	0.000547	-0.000154
51.875000	0.001905	0.000271	-0.990762	-0.000960	0.001028	0.000202
51.925000	0.001842	0.000329	-0.990036	-0.000607	0.001570	0.000733
51.975000	0.001698	0.000375	-0.990186	-0.000776	0.001925	0.000335
52.025000	0.001752	0.000372	-0.990427	-0.001145	0.001572	0.000566
52.075000	0.001855	0.000420	-0.990522	-0.000359	0.002055	0.000985
52.125000	0.001709	0.000317	-0.990817	-0.000531	0.002115	0.000759
52.175000	0.002111	0.000516	-0.990856	-0.000523	0.002236	0.000651
52.225000	0.002069	0.000610	-0.991101	0.000079	0.002244	0.001182
52.275000	0.002120	0.000708	-0.991053	0.000321	0.002012	0.001477
52.325000	0.002119	0.000608	-0.991150	0.000277	0.001298	0.001130
52.375000	0.002212	0.000365	-0.991098	0.000409	0.001002	0.001020
52.425000	0.002268	0.000462	-0.991291	0.000364	0.001062	0.000739
52.475000	0.002157	0.000169	-0.991097	0.000130	0.001123	0.000630
52.525000	0.002107	0.000069	-0.991196	-0.000096	0.000528	0.000285
52.575000	0.002256	-0.000177	-0.991482	0.000047	0.000587	-0.000168
52.625000	0.001339	0.000492	-0.991851	0.000989	0.003914	-0.007760
52.675000	0.001524	0.000454	-0.991263	0.003237	0.007414	-0.016268
52.725000	0.002238	0.000035	-0.990318	0.003130	0.012828	-0.016616
52.775000	0.003432	-0.000004	-0.990624	0.001523	0.024558	-0.015757
52.825000	0.005115	-0.000083	-0.990675	0.000906	0.038186	-0.015515
52.875000	0.007440	-0.000055	-0.990516	0.000115	0.052703	-0.015613
52.925000	0.010904	-0.000310	-0.990615	0.000166	0.078349	-0.015548
52.975000	0.016987	-0.000481	-0.990257	0.000985	0.128847	-0.017452
53.025000	0.026047	-0.000721	-0.990158	0.003241	0.191589	-0.020915
53.075000	0.040540	-0.001748	-0.987721	0.010355	0.279724	-0.026551
53.125000	0.057822	-0.001710	-0.984731	0.016744	0.395017	-0.042184
53.175000	0.084283	-0.004675	-0.976323	0.029198	0.512232	-0.063377
53.225000	0.115208	-0.004543	-0.966846	0.041224	0.614834	-0.081987
53.275000	0.148090	-0.004838	-0.954349	0.044207	0.697362	-0.094986
53.325000	0.185663	-0.004887	-0.938423	0.039029	0.785192	-0.099422
53.375000	0.222890	-0.004114	-0.919257	0.032549	0.837671	-0.104592
53.425000	0.263255	-0.002223	-0.899577	0.025074	0.899474	-0.111533
53.475000	0.306008	-0.001439	-0.876910	0.018055	0.990025	-0.104271
53.525000	0.350458	-0.001439	-0.848651	0.015080	1.079325	-0.097749
53.575000	0.394626	-0.001603	-0.821371	0.000770	1.155360	-0.088982
53.625000	0.444148	-0.002242	-0.783011	-0.001525	1.274620	-0.078946
53.675000	0.493835	-0.001714	-0.741691	-0.008425	1.384366	-0.067576
53.725000	0.543344	-0.001453	-0.694686	-0.005830	1.486793	-0.064376
53.775000	0.592250	-0.000682	-0.641921	-0.005225	1.567060	-0.063817
53.825000	0.639454	-0.000184	-0.586332	-0.006390	1.626045	-0.060455
53.875000	0.685889	-0.000341	-0.527892	-0.005068	1.650933	-0.058026
53.925000	0.731726	0.001400	-0.469529	0.002424	1.616124	-0.059111
53.975000	0.774775	0.001530	-0.412395	0.001531	1.562356	-0.056424
54.025000	0.815372	0.001963	-0.356108	-0.000727	1.492534	-0.052444
54.075000	0.850426	0.002841	-0.302061	-0.008003	1.397369	-0.047276
54.125000	0.883253	0.002799	-0.249186	-0.014374	1.276179	-0.032042
54.175000	0.906359	0.005703	-0.201938	-0.027025	1.160274	-0.010143
54.225000	0.924889	0.005518	-0.155178	-0.039115	1.062132	0.008565
54.275000	0.941813	0.005759	-0.111622	-0.041995	0.983057	0.022291
54.325000	0.953994	0.005903	-0.071255	-0.036991	0.893496	0.026536
54.375000	0.966135	0.005314	-0.034528	-0.030454	0.840003	0.031928
54.425000	0.975567	0.003276	0.002184	-0.022743	0.778080	0.039216
54.475000	0.982529	0.002531	0.035321	-0.016350	0.686044	0.032688
54.525000	0.987891	0.002424	0.062775	-0.013091	0.595260	0.026963
54.575000	0.993192	0.002722	0.091293	0.001185	0.518042	0.019514
54.625000	0.993953	0.002728	0.109147	0.002544	0.395930	0.017197
54.675000	0.993545	0.002327	0.123231	0.007750	0.283162	0.014465
54.725000	0.992829	0.002479	0.131470	0.005135	0.175979	0.012145
54.775000	0.992435	0.001743	0.135158	0.006322	0.086660	0.010877
54.825000	0.993158	0.001268	0.135618	0.007883	0.013617	0.006692
54.875000	0.994202	0.001196	0.133022	0.007429	-0.027048	0.004063
54.925000	0.994619	-0.000401	0.130225	-0.000530	-0.018547	0.004961
54.975000	0.994998	-0.000418	0.128680	-0.000273	-0.015284	0.004354
55.025000	0.994955	-0.000620	0.128146	-0.000333	-0.008449	0.004125
55.075000	0.994863	-0.000675	0.127705	-0.000047	-0.000297	0.004603
55.125000	0.994453	-0.001068	0.127892	-0.000197	0.006369	0.005471
55.175000	0.994390	-0.001408	0.128136	0.000486	0.003625	0.005043
55.225000	0.994440	-0.001706	0.127798	0.000609	-0.001615	0.005110
55.275000	0.994401	-0.001564	0.127504	0.000094	-0.006510	0.003962
55.325000	0.994209	-0.001669	0.127110	0.000137	-0.005141	0.004552
55.375000	0.994316	-0.001573	0.126917	0.000309	-0.001692	0.004872
55.425000	0.994319	-0.001675	0.126675	0.000071	-0.002474	0.004630
55.475000	0.994077	-0.001830	0.126233	-0.001006	-0.003439	0.003862
55.525000	0.993939	-0.001937	0.125646	-0.002518	-0.007377	0.003469
55.575000	0.993845	-0.002240	0.125064	-0.003172	-0.007806	0.002823
55.625000	0.993950	-0.002390	0.124727	-0.002929	-0.005372	0.002787
55.675000	0.994100	-0.002637	0.124344	-0.002806	-0.002225	0.002641
55.725000	0.994299	-0.003033	0.123866	-0.002613	-0.000151	0.002197
55.775000	0.993766	-0.003197	0.123124	-0.003034	-0.001884	0.002004
55.825000	0.993919	-0.003348	0.122790	-0.002857	-0.000336	0.002192
55.875000	0.993829	-0.003354	0.122350	-0.003112	0.000673	0.002545
55.925000	0.993880	-0.003455	0.122157	-0.002564	0.002274	0.002503
55.975000	0.994086	-0.003407	0.121872	-0.002384	0.003043	0.002568
56.025000	0.994390	-0.003558	0.121347	-0.002127	0.003628	0.002052
56.075000	0.994598	-0.003662	0.120770	-0.001833	0.003211	0.002453
56.125000	0.994908	-0.003468	0.120387	-0.001455	0.004510	0.001945
56.175000	0.994713	-0.003621	0.120093	-0.001947	0.006944	0.002020
56.225000	0.994823	-0.003477	0.119804	-0.002138	0.008011	0.002259
56.275000	0.994863	-0.003819	0.119807	-0.001959	0.010267	0.002336
56.325000	0.994914	-0.004019	0.119471	-0.001400	0.010437	0.001935
56.375000	0.995012	-0.004266	0.119233	-0.001757	0.008167	0.001621
56.425000	0.995016	-0.004169	0.119135	-0.001204	0.009767	0.001406
56.475000	0.995506	-0.004160	0.119390	0.000678	0.013692	0.001624
56.525000	0.995399	-0.004256	0.119582	0.002465	0.019745	0.000761
56.575000	0.995428	-0.004292	0.120506	0.003146	0.022171	0.000321
56.625000	0.995324	-0.004092	0.120939	0.003220	0.019832	-0.000166
56.675000	0.995168	-0.003990	0.121372	0.002922	0.016959	-0.000371
56.725000	0.995266	-0.003689	0.121809	0.002803	0.013790	-0.000462
56.775000	0.995659	-0.003532	0.122160	0.003043	0.012701	-0.000301
56.825000	0.995657	-0.003383	0.122353	0.003340	0.012030	-0.000021
56.875000	0.995797	-0.003277	0.122891	0.003220	0.012192	-0.000139
56.925000	0.995879	-0.003463	0.123430	0.002851	0.008542	0.000053
56.975000	0.995877	-0.003511	0.123478	0.002187	0.007150	-0.000198
57.025000	0.995479	-0.003415	0.123711	0.001947	0.004509	-0.000285
57.075000	0.995476	-0.003313	0.123953	0.001667	0.001083	-0.001132
57.125000	0.995728	-0.003165	0.123911	0.001625	-0.005375	-0.001716
57.175000	0.996091	-0.002873	0.123480	0.001382	-0.009567	-0.001644
57.225000	0.996497	-0.003174	0.122618	0.000423	-0.011509	-0.002250
57.275000	0.996422	-0.002992	0.121643	-0.000083	-0.012725	-0.001575
57.325000	0.996536	-0.002751	0.121255	-0.000321	-0.011688	-0.001803
57.375000	0.996545	-0.002757	0.120867	-0.000509	-0.010417	-0.001682
57.425000	0.996573	-0.002475	0.119894	-0.000977	-0.009690	-0.002435
57.475000	0.996342	-0.002390	0.119208	-0.000612	-0.010978	-0.002392
57.525000	0.996548	-0.002293	0.118921	-0.000332	-0.008274	-0.001560
57.575000	0.996524	-0.002012	0.118044	-0.000444	-0.009390	-0.001921
57.625000	0.996683	-0.001917	0.117659	-0.000508	-0.009783	-0.001813
57.675000	0.996894	-0.002071	0.116936	-0.000189	-0.012801	-0.002304
57.725000	0.996963	-0.001934	0.116112	-0.001224	-0.014806	-0.002332
57.775000	0.996780	-0.001897	0.115378	-0.001385	-0.020261	-0.003079
57.825000	0.996747	-0.002007	0.114552	-0.003914	-0.031617	-0.004066
57.875000	0.996895	-0.001937	0.112319	-0.010582	-0.050357	-0.005201
57.925000	0.996704	-0.001711	0.107599	-0.020902	-0.075467	-0.006471
57.975000	0.996989	-0.001448	0.101434	-0.030550	-0.105930	-0.007670
58.025000	0.997546	-0.001546	0.093724	-0.031145	-0.145884	-0.007343
58.075000	0.997107	-0.001138	0.084528	-0.031850	-0.192262	-0.007306
58.125000	0.996338	-0.001670	0.071099	-0.031109	-0.251084	-0.008589
58.175000	0.996118	-0.001320	0.053793	-0.030624	-0.318251	-0.011510
58.225000	0.993664	-0.000974	0.034434	-0.028936	-0.386991	-0.011489
58.275000	0.990573	-0.000374	0.012577	-0.026858	-0.465733	-0.012135
58.325000	0.985607	0.000233	-0.014336	-0.027283	-0.559268	-0.010036
58.375000	0.979861	-0.000166	-0.050009	-0.029526	-0.646973	-0.008531
58.425000	0.970961	-0.000037	-0.083584	-0.028941	-0.683147	-0.006832
58.475000	0.961294	0.000169	-0.118298	-0.027731	-0.719146	-0.005648
58.525000	0.950330	0.000530	-0.154748	-0.027977	-0.771204	-0.004386
58.575000	0.937293	0.000433	-0.194506	-0.030084	-0.831939	-0.001768
58.625000	0.922071	0.000233	-0.236459	-0.030922	-0.892034	-0.000987
58.675000	0.903521	0.000216	-0.280254	-0.032302	-0.960220	-0.000226
58.725000	0.881471	0.000262	-0.327155	-0.031975	-1.057233	0.003466
58.775000	0.855402	0.000136	-0.376398	-0.033755	-1.167859	0.008757
58.825000	0.822379	-0.000389	-0.427671	-0.037423	-1.257707	0.015731
58.875000	0.783057	-0.003970	-0.468158	-0.034378	-1.337375	0.022313
58.925000	0.741460	-0.004296	-0.519274	-0.028044	-1.425816	0.031553
58.975000	0.695202	-0.003928	-0.569403	-0.018882	-1.476923	0.043635
59.025000	0.647752	-0.003390	-0.616892	-0.017201	-1.479015	0.049236
59.075000	0.599388	-0.002996	-0.663385	-0.017454	-1.448021	0.055648
59.125000	0.550208	-0.001273	-0.704952	-0.019073	-1.396024	0.062474
59.175000	0.501260	-0.001991	-0.739255	-0.019192	-1.329662	0.065332
59.225000	0.461281	-0.003300	-0.781283	-0.010602	-1.216155	0.056170
59.275000	0.415184	-0.003523	-0.813860	-0.011208	-1.137740	0.056416
59.325000	0.371423	-0.003808	-0.842146	-0.010918	-1.044704	0.054774
59.375000	0.328093	-0.002891	-0.861390	-0.008207	-0.958262	0.053954
59.425000	0.287814	-0.002950	-0.883073	-0.008641	-0.923763	0.053397
59.475000	0.248309	-0.002690	-0.903474	-0.009726	-0.888380	0.052034
59.525000	0.210055	-0.002589	-0.922235	-0.009841	-0.839848	0.050623
59.575000	0.174310	-0.002316	-0.937627	-0.007505	-0.778467	0.048474
59.625000	0.140613	-0.001852	-0.951218	-0.006916	-0.719039	0.047860
59.675000	0.109988	-0.001318	-0.962392	-0.005857	-0.648778	0.047636
59.725000	0.083054	-0.001287	-0.970452	-0.005283	-0.549154	0.044320
59.775000	0.060288	-0.001033	-0.976215	-0.002978	-0.432820	0.039778
59.825000	0.044136	-0.000140	-0.980007	0.002679	-0.331369	0.033383
59.875000	0.034055	0.003774	-0.993231	0.006675	-0.232589	0.027709
59.925000	0.026547	0.004517	-0.993486	0.010786	-0.117171	0.019642
59.975000	0.023351	0.004101	-0.992742	0.011819	-0.035219	0.008882
60.025000	0.021180	0.003971	-0.993286	0.010978	0.008576	0.002914
60.075000	0.020973	0.003627	-0.993289	0.011796	0.026434	-0.002876
60.125000	0.021458	0.002695	-0.993900	0.012108	0.037338	-0.007806
60.175000	0.021496	0.003186	-0.997403	0.012303	0.041381	-0.008229
60.225000	0.014407	0.004812	-0.990704	0.002759	-0.002518	0.000866
60.275000	0.014608	0.004713	-0.990893	0.001793	-0.001925	0.000637
60.325000	0.014411	0.004958	-0.990707	0.001870	-0.002046	0.000176
60.375000	0.014413	0.004857	-0.990948	0.001528	-0.002171	-0.000577
60.425000	0.014558	0.004812	-0.990750	0.001284	-0.002169	-0.000461
60.475000	0.014753	0.004668	-0.990791	0.000681	-0.002050	-0.000577
60.525000	0.014794	0.004473	-0.990692	0.000505	-0.002108	-0.000692
60.575000	0.014702	0.004417	-0.991084	0.000713	-0.002708	-0.001504
60.625000	0.014352	0.004415	-0.990947	0.001267	-0.002645	-0.001556
60.675000	0.014355	0.004363	-0.991142	0.000850	-0.002824	-0.001790
60.725000	0.013954	0.004310	-0.991055	0.000731	-0.002464	-0.001785
60.775000	0.013808	0.004404	-0.991157	0.000492	-0.002046	-0.001839
60.825000	0.013902	0.004310	-0.991008	0.000554	-0.002632	-0.001608
60.875000	0.013995	0.004266	-0.990713	0.000063	-0.002984	-0.001381
60.925000	0.013938	0.004271	-0.990375	-0.000109	-0.002686	-0.001667
60.975000	0.014139	0.004272	-0.990466	-0.000538	-0.003454	-0.001443
61.025000	0.014234	0.004327	-0.990173	-0.000662	-0.002557	-0.001260
61.075000	0.014232	0.004376	-0.990028	-0.001073	-0.002855	-0.001726
61.125000	0.014128	0.004327	-0.989885	-0.000341	-0.003266	-0.001608
61.175000	0.014130	0.004425	-0.989836	-0.000162	-0.003378	-0.001317
61.225000	0.014378	0.004378	-0.989925	-0.000211	-0.002782	-0.001657
61.275000	0.014135	0.004472	-0.990029	-0.000399	-0.002776	-0.001367
61.325000	0.014184	0.004124	-0.990414	-0.000352	-0.002112	-0.000723
61.375000	0.014025	0.003980	-0.990126	-0.000229	-0.002048	-0.000662
61.425000	0.013872	0.003931	-0.990033	-0.000273	-0.001751	-0.001178
61.475000	0.013721	0.003930	-0.989941	-0.000268	-0.002105	-0.001237
61.525000	0.013632	0.004121	-0.990187	-0.000395	-0.001860	-0.000945
61.575000	0.013220	0.004076	-0.989565	-0.000773	-0.001435	-0.000363
61.625000	0.013366	0.003883	-0.989609	-0.001004	-0.002208	-0.000716
61.675000	0.013367	0.003683	-0.989899	-0.000578	-0.001905	-0.000594
61.725000	0.013373	0.003730	-0.990092	-0.000511	-0.002555	-0.000655
61.775000	0.013374	0.003879	-0.989948	-0.000321	-0.002904	-0.000654
61.825000	0.013329	0.004073	-0.989951	-0.000437	-0.002841	-0.000768
61.875000	0.013477	0.003876	-0.990189	0.000231	-0.003368	-0.000535
61.925000	0.013630	0.003827	-0.990378	0.000292	-0.004017	-0.000424
61.975000	0.013824	0.003683	-0.990324	0.000527	-0.003414	-0.000011
