less20
Type	start		end		Perid		length/angle
Pitch	41.700000	44.900000	3.200000	1.589836
Roll	41.700000	44.900000	3.200000	-0.087830
yaw	41.700000	44.900000	3.200000	-0.071782
accX	41.700000	44.900000	3.200000	-0.169394
accY	41.700000	44.900000	3.200000	-1.788707
accZ	41.700000	44.900000	3.200000	-3.685007



Pitch	46.850000	50.050000	3.200000	-1.576600
Roll	46.850000	50.050000	3.200000	0.056424
yaw	46.850000	50.050000	3.200000	0.053202
accX	46.850000	50.050000	3.200000	-0.187304
accY	46.850000	50.050000	3.200000	-3.894371
accZ	46.850000	50.050000	3.200000	-1.606648



