less20
Type	start		end		Perid		length/angle
Rest	1.600000	1.700000	0.100000	 - 
Rest	2.500000	4.500000	2.000000	 - 
Rest	5.300000	5.350000	0.050000	 - 
Rest	6.150000	6.450000	0.300000	 - 
Rest	7.250000	9.400000	2.150000	 - 
Rest	11.000000	13.450000	2.450000	 - 
Rest	14.250000	14.350000	0.100000	 - 
Rest	15.150000	18.000000	2.850000	 - 
Rest	20.250000	21.450000	1.200000	 - 
Rest	23.900000	30.250000	6.350000	 - 
Rest	33.450000	36.200000	2.750000	 - 
Rest	38.600000	41.700000	3.100000	 - 
Rest	50.050000	51.950000	1.900000	 - 
Pitch	41.700000	44.900000	3.200000	1.589836
Pitch	46.850000	50.050000	3.200000	-1.576600
Roll	52.050000	54.450000	2.400000	1.677285
Roll	57.200000	59.600000	2.400000	-1.615833
yaw	30.250000	33.450000	3.200000	1.566331
yaw	36.200000	38.600000	2.400000	-1.531021
accX	9.400000	11.000000	1.600000	-0.011298
accX	13.450000	14.250000	0.800000	0.004577
accX	14.350000	15.150000	0.800000	0.012156
accX	18.400000	20.000000	1.600000	0.054755
accX	21.450000	22.250000	0.800000	0.048522
accX	22.300000	23.900000	1.600000	0.198211
accX	41.900000	42.700000	0.800000	-0.002441
accX	43.100000	43.900000	0.800000	-0.021027
accX	51.950000	59.950000	8.000000	22.015779
accY	0.000000	1.600000	1.600000	-0.025384
accY	1.700000	2.500000	0.800000	0.015425
accY	4.500000	5.300000	0.800000	0.003089
accY	5.350000	6.150000	0.800000	0.017614
accY	6.450000	7.250000	0.800000	-0.009896
accY	18.650000	20.250000	1.600000	-0.039164
accY	21.650000	23.250000	1.600000	-0.154030
accY	41.750000	49.750000	8.000000	-21.588594
accZ	18.000000	19.600000	1.600000	-1.302182
accZ	22.650000	23.450000	0.800000	-0.306624
accZ	42.100000	43.700000	1.600000	-1.116148
accZ	47.300000	48.900000	1.600000	-0.259021
accZ	52.300000	53.900000	1.600000	-1.087713
accZ	57.300000	59.700000	2.400000	-0.785292
