less20
Type	start		end		Perid		length/angle
ROLL
accX	52.050000	54.450000	2.400000	0.869965
accY	52.050000	54.450000	2.400000	-0.001419
accZ	52.050000	54.450000	2.400000	-2.230139
Pitch	52.050000	54.450000	2.400000	0.002248
Roll	52.050000	54.450000	2.400000	1.677285
yaw	52.050000	54.450000	2.400000	-0.071489



ROLL
accX	57.200000	59.600000	2.400000	2.382466
accY	57.200000	59.600000	2.400000	-0.003855
accZ	57.200000	59.600000	2.400000	-0.640567
Pitch	57.200000	59.600000	2.400000	-0.039209
Roll	57.200000	59.600000	2.400000	-1.615833
yaw	57.200000	59.600000	2.400000	0.046382



