0.600000	0.016387	-0.005899	-0.949130	-0.002714	0.002067	0.003725
0.648000	0.016146	-0.012199	-0.949020	-0.001917	0.001910	0.012242
0.696000	0.016531	-0.017399	-0.948948	-0.001622	0.002247	0.017615
0.744000	0.014649	-0.022500	-0.948951	-0.000965	0.003152	0.022255
0.792000	0.013391	-0.026260	-0.948951	-0.000806	0.002819	0.016376
0.840000	0.014056	-0.027254	-0.948999	-0.000051	0.005213	0.006454
0.888000	0.013555	-0.029166	-0.949044	-0.001901	0.006262	0.000901
0.936000	0.014341	-0.029313	-0.949044	-0.004935	0.008234	-0.002383
0.984000	0.017053	-0.027783	-0.948928	-0.006686	0.009236	-0.007935
1.032000	0.015844	-0.025396	-0.948929	-0.009034	0.008975	-0.005773
1.080000	0.019371	-0.029822	-0.949202	-0.007594	0.006218	-0.006529
1.128000	0.019177	-0.030635	-0.949166	-0.005791	0.004413	0.008322
1.176000	0.014349	-0.031544	-0.949009	-0.009377	0.006065	0.016696
1.224000	0.015999	-0.028306	-0.949044	-0.010351	0.006310	0.005913
1.272000	0.016517	-0.028358	-0.948766	-0.009746	0.005382	0.007251
1.320000	0.019879	-0.029188	-0.948605	-0.011562	0.005509	0.009743
1.368000	0.017535	-0.028164	-0.948568	-0.011791	0.006899	0.009432
1.416000	0.014526	-0.025126	-0.948605	-0.010385	0.004665	0.008308
1.464000	0.015504	-0.020253	-0.948839	-0.011546	0.002482	-0.002594
1.512000	0.014500	-0.017420	-0.948487	-0.011410	-0.000072	-0.012751
1.560000	0.015967	-0.011105	-0.948837	-0.012873	-0.001335	-0.026933
1.608000	0.015687	-0.007208	-0.949031	-0.011764	-0.002554	-0.026062
1.656000	0.016166	-0.001994	-0.949037	-0.011369	-0.001802	-0.033228
1.704000	0.016583	0.005012	-0.949153	-0.013154	-0.002054	-0.035464
1.752000	0.017304	0.013871	-0.949233	-0.014307	-0.003103	-0.041314
1.800000	0.017668	0.022250	-0.949349	-0.015091	-0.002907	-0.046457
1.848000	0.017387	0.028547	-0.949271	-0.016433	-0.003498	-0.048972
1.896000	0.018935	0.033034	-0.949035	-0.017985	-0.004626	-0.052790
1.944000	0.020399	0.039194	-0.949073	-0.013612	-0.007142	-0.037336
1.992000	0.019979	0.040463	-0.948954	-0.014122	-0.009050	-0.027272
2.040000	0.020568	0.042648	-0.948675	-0.011926	-0.009661	-0.021717
2.088000	0.019788	0.042950	-0.948594	-0.008257	-0.011622	-0.018248
2.136000	0.017238	0.041618	-0.948789	-0.006508	-0.012805	-0.012424
2.184000	0.018371	0.039307	-0.948943	-0.004251	-0.012250	-0.014633
2.232000	0.014729	0.043848	-0.948752	-0.005886	-0.009055	-0.013692
2.280000	0.014960	0.044584	-0.948749	-0.007570	-0.008008	-0.029108
2.328000	0.019863	0.045536	-0.948593	-0.003978	-0.009459	-0.037391
2.376000	0.018112	0.042526	-0.948907	-0.003146	-0.009510	-0.026520
2.424000	0.017679	0.042892	-0.948866	-0.004088	-0.008816	-0.027776
2.472000	0.014239	0.043841	-0.948951	-0.002264	-0.008701	-0.030224
2.520000	0.016540	0.042779	-0.948950	-0.001879	-0.010086	-0.029964
2.568000	0.019432	0.039897	-0.948950	-0.004741	-0.009849	-0.028779
2.616000	0.018200	0.035485	-0.948991	-0.004709	-0.009562	-0.017212
2.664000	0.018928	0.033123	-0.949230	-0.004792	-0.008714	-0.006843
2.712000	0.017122	0.027192	-0.948878	-0.003611	-0.007543	0.007285
2.760000	0.016967	0.023527	-0.948724	-0.004782	-0.006504	0.007239
2.808000	0.016367	0.018590	-0.948605	-0.003683	-0.006738	0.013533
2.856000	0.015163	0.013018	-0.948763	-0.001911	-0.006778	0.014743
2.904000	0.014789	0.008662	-0.948766	-0.000902	-0.006428	0.017108
2.952000	0.014550	0.006858	-0.948609	-0.000667	-0.006463	0.013821
3.000000	0.014453	0.006113	-0.948723	0.000385	-0.005738	0.011004
3.048000	0.014827	0.006926	-0.948723	0.001436	-0.005948	0.010030
3.096000	0.014697	0.004449	-0.948603	-0.002498	-0.003485	0.000214
3.144000	0.014254	0.004331	-0.948487	-0.002103	-0.003692	0.000068
3.192000	0.014174	0.004410	-0.948685	-0.001774	-0.002989	0.000532
3.240000	0.014092	0.004291	-0.948923	-0.001578	-0.002861	0.000526
3.288000	0.014088	0.004254	-0.948608	-0.001480	-0.002974	0.000517
3.336000	0.014096	0.004249	-0.948882	-0.001430	-0.003230	0.000506
3.384000	0.014177	0.004210	-0.948995	-0.001326	-0.003393	0.000264
3.432000	0.014062	0.004364	-0.949038	-0.001426	-0.003313	0.000440
3.480000	0.013874	0.004396	-0.949470	-0.001378	-0.003472	0.000568
3.528000	0.013987	0.004401	-0.949196	-0.001215	-0.003535	0.000053
3.576000	0.013790	0.004356	-0.949357	-0.001166	-0.003020	0.000189
3.624000	0.013871	0.004396	-0.949393	-0.000722	-0.002744	0.000141
3.672000	0.013793	0.004432	-0.949435	-0.000528	-0.002894	0.000411
3.720000	0.013833	0.004512	-0.949357	-0.000481	-0.002377	0.000686
3.768000	0.013785	0.004397	-0.949125	-0.000117	-0.002534	0.000078
3.816000	0.013784	0.004318	-0.949202	-0.000154	-0.002877	-0.000072
3.864000	0.013868	0.004434	-0.949318	-0.000248	-0.002979	0.000104
3.912000	0.013906	0.004355	-0.949355	0.000012	-0.002561	-0.000223
3.960000	0.014114	0.004551	-0.949584	0.000415	-0.002522	-0.000367
4.008000	0.014023	0.004279	-0.949351	0.000570	-0.002195	-0.000325
4.056000	0.014065	0.004318	-0.949349	0.000834	-0.001873	-0.000746
4.104000	0.013988	0.004315	-0.949626	0.000931	-0.001827	-0.000337
4.152000	0.013911	0.004352	-0.949671	0.001436	-0.002115	-0.000573
4.200000	0.013794	0.004310	-0.949750	0.001357	-0.001785	-0.000854
4.248000	0.013759	0.004387	-0.949794	0.001560	-0.001021	-0.000713
4.296000	0.013719	0.004465	-0.949754	0.001384	-0.001068	-0.000950
4.344000	0.013759	0.004424	-0.949948	0.000880	-0.001738	-0.001703
4.392000	0.013875	0.004506	-0.949794	0.000603	-0.001878	-0.001803
4.440000	0.013723	0.004579	-0.949873	0.000955	-0.001155	-0.001705
4.488000	0.013839	0.004703	-0.949557	0.001069	-0.001340	-0.001802
4.536000	0.013718	0.004741	-0.949362	0.000990	-0.001905	-0.001950
4.584000	0.013915	0.004587	-0.949239	0.000858	-0.002375	-0.002004
4.632000	0.014028	0.004551	-0.949004	0.000674	-0.002225	-0.001960
4.680000	0.013868	0.004550	-0.948929	0.000967	-0.001927	-0.001496
4.728000	0.013909	0.004510	-0.948889	0.001415	-0.001680	-0.001401
4.776000	0.014070	0.004431	-0.949045	0.000941	-0.002103	-0.001457
4.824000	0.014189	0.004354	-0.949124	0.000846	-0.001381	-0.001222
4.872000	0.013909	0.004114	-0.949201	0.000814	-0.001852	-0.001460
4.920000	0.014030	0.004272	-0.949197	0.000426	-0.001939	-0.001187
4.968000	0.014102	0.004277	-0.948962	0.000045	-0.002126	-0.001239
5.016000	0.013851	0.004166	-0.949042	0.002123	-0.002013	-0.000210
5.064000	0.013702	0.004238	-0.949044	0.001493	-0.002388	-0.000034
5.112000	0.014296	0.007333	-0.948814	0.001550	-0.003224	0.001715
5.160000	0.012851	0.014794	-0.948888	0.001421	-0.003905	0.004946
5.208000	0.010585	0.023392	-0.948808	0.001289	-0.003138	0.015548
5.256000	0.007842	0.027384	-0.948529	0.000766	-0.002612	0.015271
5.304000	0.003807	0.029572	-0.948411	-0.001328	-0.000960	0.013468
5.352000	0.008186	0.035219	-0.948411	-0.001297	-0.001297	0.007123
5.400000	0.008984	0.037305	-0.948605	0.001243	-0.001494	0.005376
5.448000	0.011838	0.040308	-0.948525	0.000510	-0.001523	-0.003515
5.496000	0.006570	0.044448	-0.948682	0.000593	-0.002936	0.002718
5.544000	0.005253	0.049305	-0.948680	-0.001402	-0.003330	0.011727
5.592000	0.004763	0.049216	-0.948957	-0.003982	-0.009132	0.022719
5.640000	0.000452	0.048232	-0.949002	-0.006971	-0.007886	0.034189
5.688000	0.000726	0.045562	-0.949081	-0.006087	-0.008149	0.041363
5.736000	0.003521	0.047011	-0.949125	-0.006048	-0.006255	0.039946
5.784000	0.003608	0.045349	-0.949085	-0.003778	-0.006682	0.044535
5.832000	0.003450	0.048477	-0.949279	-0.005199	-0.003937	0.037471
5.880000	0.003798	0.047043	-0.949281	-0.004706	-0.005140	0.040979
5.928000	0.002478	0.046121	-0.949005	-0.003368	-0.003251	0.049333
5.976000	0.002172	0.044388	-0.948959	-0.002878	-0.004370	0.062051
6.024000	0.003284	0.044080	-0.948880	-0.000329	-0.005126	0.067149
6.072000	0.003868	0.042372	-0.948837	0.000058	-0.008835	0.061934
6.120000	0.001519	0.035658	-0.948876	0.002228	-0.010538	0.052026
6.168000	0.000961	0.023507	-0.948682	0.000925	-0.011861	0.042474
6.216000	0.002031	0.016187	-0.948837	0.000192	-0.011859	0.031686
6.264000	0.001912	0.011135	-0.948757	-0.002212	-0.011476	0.021355
6.312000	0.003976	0.004234	-0.949073	0.000198	-0.014886	0.011757
6.360000	0.005638	-0.004165	-0.949269	0.000717	-0.017257	0.001649
6.408000	0.008065	-0.008240	-0.949391	0.000926	-0.017449	0.001184
6.456000	0.011702	-0.010591	-0.949632	0.003169	-0.018520	0.003130
6.504000	0.007084	-0.016240	-0.949639	0.003039	-0.018029	0.009842
6.552000	0.005854	-0.018254	-0.949609	0.000504	-0.018062	0.011632
6.600000	0.002796	-0.021494	-0.949696	0.001237	-0.018452	0.020748
6.648000	0.007711	-0.025561	-0.949547	0.000673	-0.016698	0.014512
6.696000	0.008673	-0.030461	-0.949631	0.002468	-0.015676	0.005831
6.744000	0.009041	-0.030411	-0.949400	0.004515	-0.009963	-0.005075
6.792000	0.013029	-0.029626	-0.949326	0.007593	-0.010483	-0.016077
6.840000	0.012637	-0.026838	-0.949256	0.006653	-0.009306	-0.022829
6.888000	0.009647	-0.028133	-0.949374	0.006626	-0.010530	-0.021731
6.936000	0.009369	-0.026279	-0.949614	0.004698	-0.009857	-0.026225
6.984000	0.009411	-0.029212	-0.949349	0.006231	-0.012410	-0.019577
7.032000	0.008831	-0.027585	-0.949548	0.005551	-0.011870	-0.023279
7.080000	0.009750	-0.026666	-0.949673	0.004465	-0.013946	-0.031820
7.128000	0.009700	-0.024897	-0.949684	0.003792	-0.013634	-0.044872
7.176000	0.008701	-0.024545	-0.949534	0.001634	-0.012632	-0.049873
7.224000	0.008070	-0.022991	-0.949384	0.001787	-0.008441	-0.044699
7.272000	0.010342	-0.016279	-0.949307	-0.000282	-0.006303	-0.034791
7.320000	0.010986	-0.004093	-0.949192	-0.001143	-0.005079	-0.026227
7.368000	0.009873	0.003307	-0.949197	0.000078	-0.005261	-0.015256
7.416000	0.009035	0.005183	-0.949322	0.001799	-0.004605	-0.006590
7.464000	0.008262	0.004699	-0.949053	-0.000464	-0.000077	-0.000501
7.512000	0.008666	0.004459	-0.948943	-0.000701	0.001162	-0.000725
7.560000	0.008627	0.004577	-0.948991	-0.000514	0.000550	-0.000315
7.608000	0.008826	0.004658	-0.948948	-0.000802	-0.000067	-0.000418
7.656000	0.008871	0.004734	-0.949103	-0.000612	-0.000109	-0.000142
7.704000	0.009031	0.004735	-0.949176	-0.000668	-0.000484	0.000176
7.752000	0.008878	0.004890	-0.949181	-0.000414	0.000183	-0.000143
7.800000	0.008951	0.004696	-0.949139	0.000121	-0.000098	-0.000006
7.848000	0.008870	0.004735	-0.948986	0.000372	-0.000715	-0.000197
7.896000	0.008755	0.004811	-0.949106	0.000521	-0.001141	-0.000203
7.944000	0.008715	0.004891	-0.948952	0.000185	-0.001616	-0.000350
7.992000	0.008712	0.004734	-0.948951	0.000338	-0.001805	-0.000539
8.040000	0.008467	0.004619	-0.948722	0.000469	-0.002034	0.000106
8.088000	0.008546	0.004541	-0.948757	0.000383	-0.002416	-0.000271
8.136000	0.008472	0.004498	-0.949030	0.000380	-0.002459	-0.000089
8.184000	0.008388	0.004460	-0.948838	0.000869	-0.001644	-0.000037
8.232000	0.008425	0.004343	-0.948876	0.000826	-0.001449	-0.000132
8.280000	0.008508	0.004421	-0.948952	0.000681	-0.001444	-0.000091
8.328000	0.008235	0.004495	-0.949077	0.000195	-0.002105	-0.000012
8.376000	0.008165	0.004529	-0.949428	0.000048	-0.002670	0.000117
8.424000	0.007930	0.004525	-0.949551	0.000094	-0.002856	0.000298
8.472000	0.007615	0.004598	-0.949600	0.000249	-0.002999	0.000018
8.520000	0.007610	0.004522	-0.949444	0.000645	-0.002330	-0.000161
8.568000	0.007610	0.004482	-0.949483	0.001174	-0.002181	0.000165
8.616000	0.007650	0.004442	-0.949520	0.001165	-0.002080	0.000580
8.664000	0.007571	0.004560	-0.949445	0.001069	-0.001840	0.000533
8.712000	0.007730	0.004523	-0.949478	0.001023	-0.002028	0.000483
8.760000	0.007728	0.004445	-0.949438	0.001268	-0.001692	0.000485
8.808000	0.007726	0.004446	-0.949361	0.000944	-0.002075	-0.000077
8.856000	0.007689	0.004563	-0.949363	0.000905	-0.002028	-0.000403
8.904000	0.008003	0.004489	-0.949315	0.000854	-0.002119	-0.000268
8.952000	0.007920	0.004570	-0.949045	0.000894	-0.001875	0.000103
9.000000	0.008076	0.004456	-0.949040	0.000804	-0.001922	-0.000132
9.048000	0.008185	0.004263	-0.948841	0.000663	-0.002206	-0.000276
9.096000	0.008151	0.004259	-0.949114	0.000524	-0.001924	-0.000604
9.144000	0.008102	0.003947	-0.949074	-0.000110	-0.002354	-0.000617
9.192000	0.008319	0.004293	-0.949616	0.000738	-0.002391	0.000492
9.240000	0.008003	0.004327	-0.949664	0.000830	-0.002627	0.000670
9.288000	0.007994	0.003976	-0.949662	0.001170	-0.003388	0.000705
9.336000	0.007908	0.003900	-0.949429	0.000578	-0.004107	0.000828
9.384000	0.007873	0.004017	-0.949470	0.001202	-0.004157	0.001055
9.432000	0.007669	0.003779	-0.949512	0.001584	-0.003875	0.001192
9.480000	0.007829	0.003543	-0.949817	0.001730	-0.003502	0.001003
9.528000	0.007668	0.003542	-0.949591	0.001582	-0.002891	0.000860
9.576000	0.007592	0.003539	-0.949749	0.001628	-0.002899	0.000759
9.624000	0.007714	0.003501	-0.949900	0.001657	-0.002521	0.001262
9.672000	0.007157	0.003497	-0.949797	0.001464	-0.002437	0.000974
9.720000	0.004437	0.004132	-0.949797	0.000093	-0.002050	0.002719
9.768000	0.001064	0.003937	-0.949925	0.000042	-0.002426	0.004370
9.816000	-0.003876	0.004506	-0.950061	0.000114	-0.002761	0.010511
9.864000	-0.007578	0.003917	-0.950079	-0.000185	-0.002153	0.010457
9.912000	-0.010945	0.004844	-0.951031	-0.001911	-0.002940	0.009039
9.960000	-0.015488	0.004649	-0.950178	-0.002113	-0.001236	0.014409
10.008000	-0.017415	0.005319	-0.948253	-0.003473	0.000426	0.010193
10.056000	-0.019027	0.006206	-0.947875	-0.003778	-0.000552	0.008548
10.104000	-0.020100	0.006354	-0.947985	-0.002045	-0.004775	0.011004
10.152000	-0.022849	0.005471	-0.948256	-0.002279	-0.006600	0.015785
10.200000	-0.021921	0.006809	-0.948449	-0.001250	-0.003187	0.009791
10.248000	-0.023146	0.007283	-0.948322	0.000072	-0.002922	0.013029
10.296000	-0.023433	0.008001	-0.948397	0.000580	-0.011485	0.003179
10.344000	-0.022726	0.007868	-0.947925	0.001877	-0.009626	-0.001760
10.392000	-0.020789	0.008224	-0.947874	0.000628	-0.003834	-0.008297
10.440000	-0.019419	0.006780	-0.947676	-0.001589	-0.000391	-0.016853
10.488000	-0.019066	0.007223	-0.947820	-0.002260	-0.001394	-0.022846
10.536000	-0.015491	0.006091	-0.947732	-0.003249	-0.007037	-0.031427
10.584000	-0.011008	0.006496	-0.947487	-0.003393	-0.007268	-0.031582
10.632000	-0.014922	0.007463	-0.947207	-0.002686	-0.008527	-0.008833
10.680000	-0.013782	0.006196	-0.947274	-0.002969	-0.008185	-0.003753
10.728000	-0.008732	0.006442	-0.947108	-0.002257	-0.008674	-0.006638
10.776000	-0.003910	0.007592	-0.947180	-0.001618	-0.007758	-0.012285
10.824000	0.001636	0.007816	-0.947119	-0.001535	-0.007645	-0.017157
10.872000	0.004186	0.007836	-0.947465	-0.003707	-0.007403	-0.023431
10.920000	0.007878	0.008882	-0.947333	-0.002354	-0.011201	-0.024584
10.968000	0.013032	0.008464	-0.947308	-0.001746	-0.010761	-0.030794
11.016000	0.016652	0.009172	-0.947099	-0.001505	-0.011454	-0.030583
11.064000	0.019821	0.008401	-0.945959	-0.000212	-0.011183	-0.029525
11.112000	0.024240	0.008480	-0.946697	0.000177	-0.012492	-0.034780
11.160000	0.026044	0.007771	-0.948471	0.001390	-0.013383	-0.030726
11.208000	0.027380	0.006918	-0.948896	0.001440	-0.012438	-0.028788
11.256000	0.028532	0.006652	-0.948901	-0.000775	-0.008492	-0.031602
11.304000	0.031048	0.007646	-0.948754	-0.000788	-0.006561	-0.036459
11.352000	0.030212	0.006381	-0.949065	-0.001428	-0.009344	-0.030578
11.400000	0.031439	0.005985	-0.949192	-0.002322	-0.009399	-0.033467
11.448000	0.031618	0.005615	-0.949241	-0.002052	-0.000297	-0.023633
11.496000	0.030740	0.005477	-0.949403	-0.004037	-0.002157	-0.020389
11.544000	0.028879	0.005164	-0.949259	-0.002835	-0.007792	-0.014015
11.592000	0.027437	0.006960	-0.949345	-0.001540	-0.010796	-0.005717
11.640000	0.027286	0.006556	-0.949352	-0.000521	-0.009301	0.000028
11.688000	0.023827	0.007729	-0.949283	-0.000258	-0.003691	0.008398
11.736000	0.019420	0.007366	-0.949333	-0.000207	-0.002967	0.008350
11.784000	0.023253	0.006638	-0.949266	-0.000919	-0.001641	-0.014234
11.832000	0.022154	0.007944	-0.949313	-0.000826	-0.002488	-0.019434
11.880000	0.017021	0.007620	-0.949402	-0.001340	-0.002076	-0.016615
11.928000	0.012157	0.006430	-0.949255	-0.002221	-0.003448	-0.010992
11.976000	0.007168	0.006210	-0.949457	-0.002208	-0.004106	-0.005961
12.024000	0.007258	0.005436	-0.949189	0.001191	-0.005006	-0.001651
12.072000	0.006826	0.004858	-0.949160	-0.000056	-0.000862	-0.002457
12.120000	0.006533	0.004667	-0.949129	-0.000635	-0.000613	-0.002600
12.168000	0.006459	0.004503	-0.949519	-0.000715	-0.000035	-0.003200
12.216000	0.006422	0.004462	-0.949675	-0.000615	0.000360	-0.003151
12.264000	0.006425	0.004500	-0.949792	-0.000712	0.000137	-0.003016
12.312000	0.006547	0.004579	-0.949828	-0.000802	-0.000231	-0.003159
12.360000	0.006631	0.004618	-0.950020	-0.000701	-0.000211	-0.003066
12.408000	0.006551	0.004539	-0.950060	-0.000119	-0.000141	-0.002738
12.456000	0.006786	0.004384	-0.950130	0.000271	-0.000168	-0.002504
12.504000	0.006503	0.004266	-0.949942	0.000272	-0.000857	-0.002231
12.552000	0.006538	0.004189	-0.949824	0.000137	-0.001406	-0.002374
12.600000	0.006774	0.004075	-0.949855	0.000091	-0.001620	-0.002235
12.648000	0.006696	0.004072	-0.949935	-0.000499	-0.001638	-0.001726
12.696000	0.006699	0.003992	-0.950129	-0.000793	-0.001608	-0.001354
12.744000	0.006655	0.003794	-0.950206	-0.000300	-0.001247	-0.001252
12.792000	0.006542	0.003829	-0.950442	-0.000489	-0.001311	-0.001109
12.840000	0.006305	0.003788	-0.950487	-0.000587	-0.001658	-0.000738
12.888000	0.006353	0.003982	-0.950681	-0.000489	-0.001720	-0.000362
12.936000	0.006279	0.003938	-0.950994	-0.000570	-0.001879	-0.000588
12.984000	0.006323	0.003896	-0.951264	-0.000411	-0.001370	-0.000668
13.032000	0.006445	0.003975	-0.951339	-0.000979	-0.001005	-0.000937
13.080000	0.006409	0.004013	-0.951418	-0.000868	-0.001067	-0.001068
13.128000	0.006367	0.004015	-0.951263	-0.000910	-0.001321	-0.000921
13.176000	0.006247	0.004094	-0.951111	-0.000807	-0.000908	-0.000768
13.224000	0.006081	0.003779	-0.951114	-0.000617	-0.001068	-0.000295
13.272000	0.006119	0.003700	-0.951151	-0.000857	-0.001517	-0.000152
13.320000	0.006267	0.003550	-0.950835	-0.000612	-0.001679	0.000044
13.368000	0.006466	0.003551	-0.950907	-0.000177	-0.001082	0.000387
13.416000	0.006581	0.003554	-0.950748	-0.000265	-0.001204	0.000211
13.464000	0.006418	0.003356	-0.950751	0.000658	-0.000416	0.000512
13.512000	0.006794	0.002856	-0.950388	0.001827	0.000557	0.000676
13.560000	0.009018	0.002999	-0.950407	0.003615	0.002393	0.001407
13.608000	0.009962	0.002657	-0.950457	0.003773	0.002425	0.002853
13.656000	0.015031	0.002599	-0.950320	0.003199	0.002084	-0.004826
13.704000	0.019231	0.003244	-0.949473	0.002622	0.001999	-0.010560
13.752000	0.025171	0.003354	-0.949081	0.001559	0.003230	-0.012812
13.800000	0.028262	0.003707	-0.948916	0.002266	0.006185	-0.013792
13.848000	0.030297	0.005300	-0.948870	0.001506	0.006442	-0.012814
13.896000	0.031038	0.003236	-0.948785	-0.000051	0.008246	-0.003959
13.944000	0.031736	0.001053	-0.948620	-0.002111	0.005241	0.000035
13.992000	0.032504	0.000562	-0.948571	-0.001657	0.010670	0.004676
14.040000	0.032402	-0.000537	-0.948330	-0.001002	0.014164	0.011012
14.088000	0.033157	-0.000490	-0.948359	0.000027	0.017484	0.014246
14.136000	0.031794	-0.000694	-0.948082	0.001247	0.012130	0.021430
14.184000	0.034734	-0.001394	-0.947839	0.000287	0.016170	0.020588
14.232000	0.033927	-0.001382	-0.947787	0.000271	0.012642	0.024726
14.280000	0.035923	-0.002296	-0.947817	-0.001821	0.006673	0.022632
14.328000	0.035579	-0.001155	-0.947804	-0.002439	0.012967	0.023481
14.376000	0.036569	-0.000815	-0.947715	-0.002322	0.012583	0.028066
14.424000	0.037969	-0.001045	-0.947866	-0.003132	0.015367	0.030689
14.472000	0.037114	-0.002803	-0.947941	-0.002772	0.015282	0.031625
14.520000	0.036366	-0.003623	-0.947780	-0.004213	0.019000	0.032308
14.568000	0.034943	-0.004396	-0.947813	-0.004934	0.016469	0.031736
14.616000	0.035938	-0.003553	-0.947647	-0.005726	0.009518	0.026635
14.664000	0.032028	-0.003409	-0.948080	-0.007258	0.005044	0.027243
14.712000	0.028218	-0.003265	-0.948018	-0.010001	0.001038	0.027524
14.760000	0.025580	-0.002724	-0.947769	-0.009765	-0.000015	0.027616
14.808000	0.019329	-0.003041	-0.947737	-0.008250	0.001661	0.034542
14.856000	0.015335	-0.003648	-0.948496	-0.007832	0.001974	0.038715
14.904000	0.008163	-0.004088	-0.948765	-0.006836	0.001082	0.041350
14.952000	0.001746	-0.006006	-0.948727	-0.007443	-0.000623	0.043784
15.000000	-0.003878	-0.006340	-0.948529	-0.005825	-0.000447	0.048701
15.048000	-0.004092	-0.004158	-0.948605	-0.005281	-0.002625	0.040955
15.096000	-0.004293	-0.002117	-0.948447	-0.003083	-0.000578	0.036913
15.144000	-0.004694	-0.001589	-0.948837	-0.002469	-0.004824	0.032111
15.192000	0.001744	-0.004763	-0.949030	-0.003152	-0.012971	0.022006
15.240000	0.001304	-0.004766	-0.948877	-0.003273	-0.015011	0.019071
15.288000	0.002982	-0.004555	-0.948951	-0.004415	-0.010139	0.012211
15.336000	0.000325	-0.003776	-0.949382	-0.003522	-0.014758	0.013375
15.384000	0.001525	-0.003823	-0.949346	-0.003466	-0.011573	0.009191
15.432000	-0.000265	-0.002990	-0.949776	-0.001570	-0.005379	0.010966
15.480000	0.000473	-0.004205	-0.949739	-0.001145	-0.011972	0.009654
15.528000	-0.000157	-0.004544	-0.950013	-0.001325	-0.011168	0.005260
15.576000	-0.001315	-0.004194	-0.949896	-0.000519	-0.014297	0.002452
15.624000	-0.000217	-0.002316	-0.949931	-0.001238	-0.014077	0.001841
15.672000	0.000645	-0.001571	-0.949933	-0.000051	-0.018613	0.001243
15.720000	0.002271	-0.000758	-0.950050	0.000545	-0.015753	0.002513
15.768000	0.001632	-0.001557	-0.950168	0.000942	-0.009290	0.007471
15.816000	0.005443	-0.001119	-0.949976	0.001697	-0.005879	0.006433
15.864000	0.007281	-0.001173	-0.950325	0.002553	-0.003564	0.005288
15.912000	0.009052	-0.001369	-0.950407	0.002008	-0.002780	0.003613
15.960000	0.010546	-0.000908	-0.950256	0.000682	-0.003407	0.003817
16.008000	0.010579	-0.000944	-0.950416	0.000986	-0.004018	0.005146
16.056000	0.011851	-0.000533	-0.950422	0.000854	-0.004646	0.004577
16.104000	0.015571	0.000959	-0.950574	0.000899	-0.006236	0.002844
16.152000	0.019592	-0.000411	-0.950806	0.000370	-0.006439	-0.003006
16.200000	0.019345	-0.000448	-0.950808	0.001468	-0.006263	-0.004076
16.248000	0.019081	-0.000420	-0.951085	0.001573	-0.005511	-0.004498
16.296000	0.018995	-0.000416	-0.950854	0.000608	-0.006335	-0.005038
16.344000	0.012935	0.003820	-0.950895	0.000290	-0.002081	-0.001564
16.392000	0.012939	0.003896	-0.950972	-0.000642	-0.003233	-0.001505
16.440000	0.012861	0.003934	-0.950975	-0.000600	-0.002910	-0.001476
16.488000	0.013008	0.003784	-0.950581	-0.000317	-0.002871	-0.001311
16.536000	0.012813	0.003820	-0.950702	-0.000283	-0.002500	-0.001007
16.584000	0.012656	0.003857	-0.950745	0.000045	-0.002223	-0.000748
16.632000	0.012458	0.003815	-0.950828	0.000223	-0.001947	-0.000352
16.680000	0.012463	0.003893	-0.950906	0.000422	-0.002202	-0.000748
16.728000	0.012463	0.003853	-0.950983	0.000806	-0.002026	-0.000770
16.776000	0.012263	0.003890	-0.950873	0.001332	-0.001800	-0.000652
16.824000	0.012187	0.003848	-0.951068	0.001287	-0.001535	-0.001094
16.872000	0.012145	0.003769	-0.951069	0.001591	-0.001700	-0.001815
16.920000	0.012147	0.003768	-0.951146	0.001240	-0.001668	-0.001752
16.968000	0.012106	0.003649	-0.951224	0.000742	-0.001400	-0.001688
17.016000	0.012053	0.003498	-0.950797	0.000538	-0.001602	-0.001621
17.064000	0.012056	0.003615	-0.950836	0.000338	-0.001092	-0.001686
17.112000	0.012062	0.003691	-0.951031	0.000562	-0.001101	-0.001245
17.160000	0.012228	0.003728	-0.951338	0.000357	-0.000448	-0.001171
17.208000	0.012391	0.003728	-0.951489	0.000202	-0.000603	-0.001105
17.256000	0.012271	0.003727	-0.951454	0.000259	-0.000432	-0.001729
17.304000	0.012267	0.003729	-0.951260	-0.000127	-0.000398	-0.002120
17.352000	0.012382	0.003694	-0.951061	0.000013	-0.000646	-0.002140
17.400000	0.012499	0.003657	-0.951019	-0.000346	-0.000463	-0.001744
17.448000	0.012540	0.003735	-0.951058	0.000176	-0.000229	-0.001430
17.496000	0.012617	0.003738	-0.950940	0.000273	-0.000143	-0.001630
17.544000	0.012609	0.003505	-0.950822	0.000754	-0.000055	-0.001597
17.592000	0.012455	0.003658	-0.950905	0.000457	0.000081	-0.001657
17.640000	0.012385	0.003693	-0.951295	0.000462	0.000120	-0.002040
17.688000	0.012385	0.003731	-0.951296	0.000512	0.000304	-0.002281
17.736000	0.012606	0.003666	-0.950513	0.000317	0.000726	-0.002475
17.784000	0.012609	0.003743	-0.950591	-0.000471	0.000531	-0.002400
17.832000	0.012409	0.004019	-0.950248	-0.001638	-0.000809	-0.002707
17.880000	0.012513	0.004719	-0.950562	-0.003997	-0.002429	-0.002190
17.928000	0.012300	0.006624	-0.951396	-0.005751	-0.004246	-0.002457
17.976000	0.011541	0.006143	-0.951686	-0.006181	-0.005078	-0.004790
18.024000	0.010560	0.003621	-0.955076	-0.009299	-0.002740	-0.008821
18.072000	0.009667	0.004236	-0.960898	-0.008837	0.002849	-0.011831
18.120000	0.014283	0.003250	-0.974062	-0.015946	0.003844	-0.021679
18.168000	0.014456	0.004465	-0.982736	-0.012885	0.010482	-0.019712
18.216000	0.015345	0.001367	-0.992720	-0.018693	0.011203	-0.018033
18.264000	0.016405	0.000049	-1.001313	-0.018119	0.008197	-0.008576
18.312000	0.016298	-0.002236	-1.008260	-0.006815	0.014568	0.004449
18.360000	0.013776	-0.002010	-1.012528	0.005815	0.023730	0.015286
18.408000	0.014122	-0.001600	-1.017147	0.013616	0.039415	0.011349
18.456000	0.017826	-0.000125	-1.018185	0.024550	0.053368	-0.005684
18.504000	0.023114	0.002365	-1.017944	0.033270	0.077238	-0.025878
18.552000	0.029795	0.004188	-1.013113	0.046116	0.102168	-0.045298
18.600000	0.035803	0.003257	-1.005869	0.059248	0.119759	-0.055204
18.648000	0.038573	0.002002	-0.994006	0.080839	0.135315	-0.054761
18.696000	0.044331	-0.002795	-0.983127	0.092658	0.134490	-0.053456
18.744000	0.047943	-0.006738	-0.970989	0.104778	0.125941	-0.048610
18.792000	0.052814	-0.011987	-0.963747	0.102936	0.115340	-0.052560
18.840000	0.057042	-0.016719	-0.955437	0.114637	0.094825	-0.044492
18.888000	0.060309	-0.022383	-0.951577	0.117197	0.095647	-0.049100
18.936000	0.063121	-0.028198	-0.946913	0.129457	0.084942	-0.045752
18.984000	0.067686	-0.034158	-0.942861	0.129388	0.082459	-0.052302
19.032000	0.072156	-0.040533	-0.940442	0.133603	0.083429	-0.056713
19.080000	0.078662	-0.048697	-0.938849	0.136071	0.081983	-0.059583
19.128000	0.084514	-0.053926	-0.936713	0.136628	0.082282	-0.058560
19.176000	0.090516	-0.058035	-0.932908	0.137024	0.083348	-0.056976
19.224000	0.096641	-0.063895	-0.925626	0.137407	0.076773	-0.052915
19.272000	0.096746	-0.069155	-0.912330	0.144228	0.075794	-0.041595
19.320000	0.100828	-0.076311	-0.903694	0.140972	0.070633	-0.043789
19.368000	0.104580	-0.079301	-0.893387	0.145322	0.068244	-0.045823
19.416000	0.107990	-0.084105	-0.883932	0.146189	0.070263	-0.054547
19.464000	0.112728	-0.087901	-0.876158	0.134651	0.062178	-0.068058
19.512000	0.119916	-0.093849	-0.870519	0.125269	0.052649	-0.078239
19.560000	0.124074	-0.100497	-0.864919	0.118055	0.037539	-0.074483
19.608000	0.125002	-0.108016	-0.863093	0.108345	0.023542	-0.057773
19.656000	0.124225	-0.117105	-0.863128	0.098645	0.002181	-0.039417
19.704000	0.121965	-0.125165	-0.866825	0.086066	-0.022229	-0.020967
19.752000	0.119866	-0.130478	-0.873026	0.072054	-0.036454	-0.012982
19.800000	0.121863	-0.135725	-0.883510	0.049506	-0.053202	-0.014185
19.848000	0.120510	-0.136780	-0.893841	0.034543	-0.051482	-0.016612
19.896000	0.122214	-0.138759	-0.905483	0.021151	-0.045324	-0.023155
19.944000	0.122385	-0.139202	-0.912240	0.021767	-0.033068	-0.020912
19.992000	0.123233	-0.140472	-0.920022	0.009714	-0.012085	-0.030460
20.040000	0.125325	-0.140811	-0.923696	0.007968	-0.013657	-0.025300
20.088000	0.127420	-0.140556	-0.926829	-0.002326	0.000399	-0.027497
20.136000	0.128163	-0.141069	-0.930654	-0.003465	0.005309	-0.021489
20.184000	0.128708	-0.140964	-0.931962	-0.004485	0.006358	-0.016210
20.232000	0.127369	-0.141023	-0.932386	-0.006301	0.009916	-0.012208
20.280000	0.127079	-0.140725	-0.933291	-0.004837	0.010317	-0.010391
20.328000	0.127640	-0.140484	-0.933277	-0.003196	0.007917	-0.007812
20.376000	0.127231	-0.141594	-0.933942	-0.003378	0.009263	-0.006505
20.424000	0.127856	-0.141382	-0.933265	-0.001888	0.010924	-0.007499
20.472000	0.128159	-0.141249	-0.932364	-0.000841	0.010001	-0.004633
20.520000	0.128382	-0.141197	-0.931620	0.001568	0.013776	-0.003567
20.568000	0.128486	-0.141187	-0.930917	0.000305	0.016867	-0.003823
20.616000	0.128780	-0.141249	-0.929937	-0.000436	0.018393	-0.003489
20.664000	0.129698	-0.141840	-0.930958	-0.005987	0.018985	-0.005736
20.712000	0.131418	-0.141632	-0.931458	-0.006064	0.018379	-0.004630
20.760000	0.132693	-0.141661	-0.931772	-0.005936	0.020769	-0.003959
20.808000	0.134009	-0.141174	-0.931547	-0.005776	0.018849	-0.000781
20.856000	0.134767	-0.141129	-0.931722	-0.005015	0.020400	0.001783
20.904000	0.135790	-0.141232	-0.931461	-0.003595	0.017819	0.005331
20.952000	0.136050	-0.140964	-0.932194	-0.003223	0.020588	0.005961
21.000000	0.137880	-0.141266	-0.932843	-0.002545	0.020720	0.004348
21.048000	0.139169	-0.141557	-0.932302	0.002025	0.023846	0.006762
21.096000	0.140326	-0.141801	-0.931063	0.004757	0.025154	0.008549
21.144000	0.140853	-0.141857	-0.929844	0.004970	0.028022	0.009642
21.192000	0.141797	-0.141523	-0.929120	0.002492	0.030713	0.007386
21.240000	0.142948	-0.142624	-0.930443	0.000074	0.029372	0.006621
21.288000	0.143884	-0.142603	-0.929680	0.003524	0.029146	0.007148
21.336000	0.145400	-0.143203	-0.928973	0.003478	0.028559	0.005246
21.384000	0.147434	-0.142686	-0.927095	0.006217	0.029356	0.003187
21.432000	0.149412	-0.142172	-0.922574	0.007582	0.030836	0.003209
21.480000	0.150591	-0.140072	-0.915911	0.005514	0.035156	0.001989
21.528000	0.152759	-0.137723	-0.908949	-0.006532	0.039197	-0.001974
21.576000	0.153231	-0.135715	-0.902730	-0.025804	0.039742	-0.002029
21.624000	0.154908	-0.135160	-0.900745	-0.048975	0.041038	-0.007744
21.672000	0.157659	-0.131242	-0.896929	-0.061519	0.032154	-0.003775
21.720000	0.159918	-0.129041	-0.898127	-0.079538	0.032195	-0.006929
21.768000	0.160880	-0.122568	-0.894881	-0.086543	0.028515	-0.002234
21.816000	0.160994	-0.117591	-0.894524	-0.096229	0.031143	0.000421
21.864000	0.163566	-0.111618	-0.894885	-0.110071	0.025928	-0.000074
21.912000	0.164305	-0.108099	-0.895786	-0.124989	0.022935	0.003102
21.960000	0.165149	-0.100884	-0.895502	-0.123237	0.028079	0.008572
22.008000	0.165454	-0.094946	-0.893709	-0.123462	0.023284	0.020652
22.056000	0.167683	-0.090072	-0.894110	-0.122212	0.014823	0.032429
22.104000	0.166780	-0.086085	-0.893735	-0.118836	0.005246	0.046798
22.152000	0.167385	-0.080342	-0.895081	-0.114007	-0.012527	0.059944
22.200000	0.165303	-0.075392	-0.897775	-0.118129	-0.023550	0.068289
22.248000	0.164705	-0.070858	-0.903578	-0.128156	-0.031872	0.065705
22.296000	0.161906	-0.065914	-0.906136	-0.129963	-0.040982	0.064130
22.344000	0.160643	-0.058295	-0.908907	-0.129901	-0.045782	0.054600
22.392000	0.157319	-0.049745	-0.910650	-0.133250	-0.056202	0.050506
22.440000	0.154952	-0.044183	-0.914174	-0.144970	-0.060520	0.043599
22.488000	0.146895	-0.037545	-0.917275	-0.147715	-0.067309	0.051434
22.536000	0.143995	-0.031248	-0.921013	-0.156945	-0.078460	0.046469
22.584000	0.138514	-0.026713	-0.928383	-0.161212	-0.087106	0.049281
22.632000	0.134770	-0.023730	-0.939117	-0.160374	-0.098567	0.045479
22.680000	0.131699	-0.019625	-0.948481	-0.144501	-0.109641	0.045096
22.728000	0.127429	-0.015488	-0.957372	-0.120483	-0.117067	0.052010
22.776000	0.123848	-0.009355	-0.960932	-0.095946	-0.122173	0.052284
22.824000	0.118790	-0.005484	-0.968558	-0.081670	-0.114297	0.047344
22.872000	0.113053	-0.000148	-0.968594	-0.061667	-0.134399	0.047828
22.920000	0.105922	-0.001965	-0.972738	-0.054298	-0.136358	0.045953
22.968000	0.102480	0.001517	-0.972855	-0.038795	-0.145565	0.046650
23.016000	0.093404	0.001413	-0.973058	-0.026322	-0.148381	0.049146
23.064000	0.085829	0.004896	-0.972625	-0.012979	-0.151624	0.046506
23.112000	0.078975	0.004020	-0.973774	-0.014071	-0.157636	0.040013
23.160000	0.073345	0.004581	-0.976805	-0.013754	-0.155715	0.026287
23.208000	0.065939	0.005699	-0.977711	-0.016374	-0.147640	0.014545
23.256000	0.062012	0.007910	-0.978726	-0.018925	-0.138922	0.000264
23.304000	0.055485	0.007773	-0.977656	-0.020307	-0.121651	-0.010554
23.352000	0.050882	0.009075	-0.975922	-0.019142	-0.110549	-0.019749
23.400000	0.045160	0.010555	-0.971692	-0.010586	-0.104897	-0.016966
23.448000	0.042392	0.011592	-0.970802	-0.008692	-0.099310	-0.015008
23.496000	0.037244	0.009714	-0.969410	-0.007395	-0.096825	-0.003456
23.544000	0.034470	0.007747	-0.967915	-0.003057	-0.088697	0.000113
23.592000	0.030782	0.008287	-0.965336	0.007524	-0.085571	0.007511
23.640000	0.032084	0.007816	-0.963665	0.009566	-0.078545	0.000275
23.688000	0.028077	0.007283	-0.962213	0.016423	-0.069059	0.006276
23.736000	0.026694	0.007608	-0.960154	0.017862	-0.061852	0.003342
23.784000	0.023444	0.008948	-0.956713	0.020398	-0.055518	0.008642
23.832000	0.019449	0.008883	-0.955342	0.015750	-0.049224	0.010756
23.880000	0.017780	0.008615	-0.953518	0.009944	-0.043923	0.003322
23.928000	0.015089	0.007812	-0.952808	0.007479	-0.040762	0.005975
23.976000	0.012418	0.006055	-0.950301	0.005078	-0.041668	0.006323
24.024000	0.011202	0.004548	-0.950712	0.002814	-0.023900	0.008416
24.072000	0.012116	0.005764	-0.951279	0.003900	-0.018400	0.005973
24.120000	0.009504	0.003809	-0.951841	0.000437	-0.011713	0.003932
24.168000	0.009706	0.003848	-0.951952	0.001664	-0.003356	0.001609
24.216000	0.010444	0.003032	-0.952120	0.001643	0.000249	0.000438
24.264000	0.010274	0.002759	-0.951889	0.001593	0.000249	0.000484
24.312000	0.010222	0.002488	-0.951655	0.000374	0.000911	0.000391
24.360000	0.010311	0.002840	-0.951694	0.000810	0.000562	-0.001322
24.408000	0.009957	0.002953	-0.951744	0.000612	-0.000486	-0.001240
24.456000	0.009449	0.003578	-0.951373	-0.000127	-0.000676	-0.000968
24.504000	0.009487	0.003341	-0.951525	0.000017	-0.001961	-0.000886
24.552000	0.009360	0.003185	-0.951334	-0.000081	-0.002201	-0.000888
24.600000	0.009319	0.003106	-0.951334	-0.000138	-0.002202	-0.000656
24.648000	0.009041	0.003221	-0.951187	-0.000084	-0.002539	-0.000890
24.696000	0.009048	0.003415	-0.951343	0.000248	-0.001967	-0.000604
24.744000	0.008975	0.003451	-0.951539	-0.000282	-0.001734	-0.000882
24.792000	0.008894	0.003411	-0.951541	-0.000623	-0.001545	-0.000928
24.840000	0.009052	0.003293	-0.951614	-0.000237	-0.001497	-0.000786
24.888000	0.009213	0.003333	-0.951726	-0.000289	-0.001021	-0.000689
24.936000	0.009370	0.003378	-0.951528	-0.000287	-0.000834	-0.000825
24.984000	0.009364	0.003381	-0.951256	-0.000086	-0.001029	-0.001102
25.032000	0.009491	0.003536	-0.951449	0.000111	-0.001365	-0.001242
25.080000	0.009259	0.003491	-0.951726	0.000010	-0.001320	-0.001195
25.128000	0.009256	0.003572	-0.951494	-0.000722	-0.001752	-0.001247
25.176000	0.009296	0.003691	-0.951338	-0.001062	-0.002042	-0.001389
25.224000	0.009263	0.003964	-0.951380	-0.001885	-0.002144	-0.001717
25.272000	0.009335	0.003732	-0.951260	-0.001412	-0.002141	-0.001249
25.320000	0.009327	0.003697	-0.950949	-0.001561	-0.002572	-0.001252
25.368000	0.009323	0.003659	-0.950794	-0.001234	-0.002380	-0.000830
25.416000	0.009481	0.003661	-0.950790	-0.001125	-0.001720	-0.001376
25.464000	0.009486	0.003816	-0.950869	-0.001027	-0.001628	-0.001511
25.512000	0.009604	0.003779	-0.950826	-0.001325	-0.001392	-0.001415
25.560000	0.009642	0.003582	-0.950979	-0.001474	-0.001014	-0.001456
25.608000	0.009604	0.003580	-0.951058	-0.001813	-0.001351	-0.001643
25.656000	0.009640	0.003622	-0.950863	-0.001962	-0.001068	-0.001684
25.704000	0.009683	0.003701	-0.950939	-0.002005	-0.001118	-0.002006
25.752000	0.009567	0.003738	-0.951020	-0.001848	-0.000647	-0.002507
25.800000	0.009687	0.003700	-0.951094	-0.001803	-0.000265	-0.002453
25.848000	0.009683	0.003543	-0.951094	-0.001992	-0.000077	-0.002773
25.896000	0.009642	0.003662	-0.950941	-0.001606	0.000400	-0.002716
25.944000	0.009802	0.003742	-0.950898	-0.001362	0.000591	-0.002847
25.992000	0.009681	0.003820	-0.950746	-0.001267	0.000878	-0.002840
26.040000	0.009521	0.003820	-0.950673	-0.001358	0.000495	-0.003163
26.088000	0.009484	0.003896	-0.950753	-0.001313	0.000403	-0.003112
26.136000	0.009486	0.003935	-0.950791	-0.001564	0.000788	-0.002921
26.184000	0.009401	0.003900	-0.950520	-0.001762	0.001173	-0.002866
26.232000	0.009592	0.003826	-0.950282	-0.001376	0.001083	-0.002767
26.280000	0.009749	0.003710	-0.950355	-0.000599	0.000660	-0.002669
26.328000	0.009707	0.003552	-0.950471	-0.000211	0.001428	-0.002608
26.376000	0.009946	0.003474	-0.950580	0.000328	0.001527	-0.002737
26.424000	0.009869	0.003513	-0.950621	0.000037	0.001388	-0.002827
26.472000	0.009800	0.003744	-0.950818	-0.000048	0.001865	-0.003325
26.520000	0.009878	0.003666	-0.950855	-0.000044	0.001727	-0.003459
26.568000	0.009837	0.003787	-0.950624	0.000043	0.001783	-0.003081
26.616000	0.009869	0.003633	-0.950428	-0.000210	0.001460	-0.002708
26.664000	0.009866	0.003476	-0.950466	0.000028	0.002183	-0.002508
26.712000	0.009824	0.003478	-0.950312	0.000368	0.001762	-0.002411
26.760000	0.009745	0.003555	-0.950276	0.000083	0.001244	-0.002640
26.808000	0.009703	0.003477	-0.950238	0.000286	0.001535	-0.002907
26.856000	0.009706	0.003475	-0.950354	0.000189	0.001875	-0.002897
26.904000	0.009828	0.003475	-0.950468	-0.000156	0.001266	-0.002711
26.952000	0.009827	0.003435	-0.950468	-0.000154	0.000941	-0.002706
27.000000	0.010057	0.003442	-0.950150	-0.000399	0.001046	-0.002605
27.048000	0.009974	0.003206	-0.950228	-0.000640	0.000960	-0.002599
27.096000	0.010015	0.003285	-0.950228	-0.000751	0.000926	-0.002036
27.144000	0.010051	0.003209	-0.950109	-0.001182	0.000505	-0.002219
27.192000	0.010171	0.003368	-0.950030	-0.001330	0.000516	-0.002072
27.240000	0.010165	0.003173	-0.949951	-0.002108	-0.000094	-0.002074
27.288000	0.010168	0.003210	-0.950068	-0.002247	-0.000608	-0.002209
27.336000	0.010292	0.003287	-0.950221	-0.002045	-0.001218	-0.002343
27.384000	0.010294	0.003367	-0.950182	-0.001853	-0.001063	-0.002101
27.432000	0.010095	0.003405	-0.950109	-0.002003	-0.000621	-0.001857
27.480000	0.010054	0.003445	-0.949995	-0.001850	-0.001277	-0.001946
27.528000	0.009850	0.003327	-0.949883	-0.002241	-0.001552	-0.001803
27.576000	0.010012	0.003327	-0.950034	-0.002283	-0.001112	-0.001929
27.624000	0.010010	0.003209	-0.950072	-0.002003	-0.001286	-0.001319
27.672000	0.009854	0.003206	-0.950154	-0.001764	-0.001319	-0.000985
27.720000	0.009691	0.003047	-0.950157	-0.001944	-0.001454	-0.001394
27.768000	0.009690	0.003007	-0.950196	-0.002085	-0.001063	-0.001475
27.816000	0.009648	0.003087	-0.950042	-0.002065	-0.002009	-0.002077
27.864000	0.009615	0.003163	-0.950198	-0.002355	-0.001377	-0.002017
27.912000	0.009694	0.003164	-0.950195	-0.002123	-0.000551	-0.001444
27.960000	0.009694	0.003164	-0.950195	-0.002514	-0.000489	-0.001297
28.008000	0.009733	0.003283	-0.950040	-0.002127	-0.000521	-0.001008
28.056000	0.009650	0.003284	-0.949849	-0.001873	0.000298	-0.001268
28.104000	0.009608	0.003206	-0.949849	-0.001676	0.000503	-0.001163
28.152000	0.009537	0.003318	-0.950123	-0.001858	-0.000297	-0.001487
28.200000	0.009459	0.003396	-0.950049	-0.001754	-0.000619	-0.001573
28.248000	0.009379	0.003317	-0.950089	-0.001695	-0.000846	-0.001796
28.296000	0.009225	0.003391	-0.950289	-0.001154	-0.000642	-0.001829
28.344000	0.009230	0.003387	-0.950521	-0.000851	-0.000918	-0.002099
28.392000	0.009348	0.003310	-0.950556	0.000136	-0.000857	-0.002360
28.440000	0.009184	0.003113	-0.950520	0.000671	-0.000699	-0.002162
28.488000	0.009019	0.002955	-0.950485	0.000412	-0.000205	-0.001502
28.536000	0.008938	0.002915	-0.950449	0.000287	-0.000149	-0.002140
28.584000	0.009055	0.002759	-0.950522	0.000589	-0.000091	-0.002360
28.632000	0.009018	0.002717	-0.950717	0.000304	-0.000175	-0.002539
28.680000	0.009056	0.002678	-0.950715	0.000207	-0.000398	-0.002439
28.728000	0.008740	0.002753	-0.950686	0.000070	-0.000483	-0.002663
28.776000	0.008821	0.002832	-0.950723	-0.000314	-0.000519	-0.002795
28.824000	0.008779	0.002794	-0.950646	0.000181	0.000160	-0.002961
28.872000	0.009104	0.002952	-0.950833	0.000326	0.000318	-0.002811
28.920000	0.008989	0.003029	-0.950913	0.000616	0.000571	-0.002613
28.968000	0.008870	0.003067	-0.950878	0.000559	0.000779	-0.002184
29.016000	0.008905	0.003030	-0.950723	0.000806	0.000174	-0.002179
29.064000	0.008990	0.002869	-0.951186	0.000520	0.000185	-0.002357
29.112000	0.008831	0.002827	-0.951229	0.000627	-0.000328	-0.002583
29.160000	0.008706	0.002631	-0.951192	0.000581	-0.001504	-0.002584
29.208000	0.008745	0.002552	-0.951307	0.000722	-0.002724	-0.002260
29.256000	0.008823	0.002554	-0.951227	0.001016	-0.003472	-0.002209
29.304000	0.008214	0.002199	-0.950969	0.001933	-0.004262	-0.001739
29.352000	0.007932	0.001961	-0.951052	0.001785	-0.005341	-0.001554
29.400000	0.007648	0.001764	-0.950942	0.001678	-0.004991	-0.001125
29.448000	0.007296	0.001678	-0.951223	0.001196	-0.005201	0.000545
29.496000	0.006971	0.001442	-0.951112	0.001387	-0.005851	0.000783
29.544000	0.006495	0.001318	-0.951202	0.001281	-0.006643	0.001201
29.592000	0.006809	0.001085	-0.951347	0.001741	-0.008333	0.002355
29.640000	0.008880	-0.000182	-0.951360	0.002820	-0.013804	0.011439
29.688000	0.006467	-0.000014	-0.951426	0.004049	-0.018337	0.029509
29.736000	0.007636	-0.001300	-0.952007	0.004845	-0.022590	0.041840
29.784000	0.006269	-0.001224	-0.950995	0.006667	-0.026393	0.066861
29.832000	0.004493	-0.001210	-0.951354	0.008375	-0.027050	0.097879
29.880000	0.002822	-0.001425	-0.951358	0.009491	-0.027166	0.130934
29.928000	0.000148	-0.001483	-0.950574	0.010844	-0.028264	0.160650
29.976000	0.002616	-0.003636	-0.949832	0.012780	-0.030140	0.188602
30.024000	-0.000562	-0.002421	-0.950003	0.014294	-0.031017	0.232295
30.072000	0.000798	-0.004017	-0.950540	0.017081	-0.031610	0.270398
30.120000	0.003283	-0.005877	-0.948400	0.020171	-0.031174	0.317119
30.168000	0.002621	-0.007074	-0.946620	0.022971	-0.030516	0.367403
30.216000	0.000861	-0.005796	-0.946249	0.023873	-0.028944	0.413844
30.264000	-0.001545	-0.005831	-0.946896	0.026323	-0.030147	0.448096
30.312000	0.001451	-0.007668	-0.946336	0.027768	-0.031974	0.487104
30.360000	0.003638	-0.008138	-0.945341	0.031390	-0.026568	0.546598
30.408000	-0.001707	-0.006108	-0.947053	0.031735	-0.023014	0.622855
30.456000	-0.005008	-0.005688	-0.947961	0.034433	-0.019468	0.676867
30.504000	-0.002111	-0.006347	-0.947023	0.036885	-0.017464	0.723688
30.552000	-0.006962	-0.005107	-0.946811	0.037595	-0.016861	0.779095
30.600000	-0.008013	-0.004138	-0.946652	0.038281	-0.014780	0.818966
30.648000	-0.010576	-0.002890	-0.947740	0.037814	-0.013422	0.858176
30.696000	-0.010588	-0.003399	-0.947776	0.037575	-0.012535	0.892569
30.744000	-0.010076	-0.003630	-0.947917	0.035802	-0.009170	0.927670
30.792000	-0.012716	-0.004242	-0.947518	0.034455	-0.003105	0.961409
30.840000	-0.014266	-0.003568	-0.948458	0.033308	0.001382	0.978567
30.888000	-0.016590	-0.002570	-0.947983	0.033162	0.006988	0.992965
30.936000	-0.014581	-0.004129	-0.949240	0.031459	0.011599	0.981754
30.984000	-0.011018	-0.005530	-0.948746	0.030223	0.013759	0.973207
31.032000	-0.010879	-0.005912	-0.948273	0.029063	0.016312	0.981787
31.080000	-0.010489	-0.005374	-0.949239	0.028492	0.022956	0.984715
31.128000	-0.014139	-0.003000	-0.950091	0.025609	0.026380	0.979318
31.176000	-0.010709	-0.005547	-0.950254	0.023409	0.027370	0.952152
31.224000	-0.016410	-0.001614	-0.949812	0.020658	0.027210	0.934645
31.272000	-0.018737	-0.000030	-0.952256	0.017262	0.027028	0.893856
31.320000	-0.018603	0.000613	-0.954045	0.014225	0.027238	0.848772
31.368000	-0.016328	-0.001786	-0.953889	0.013825	0.025488	0.812754
31.416000	-0.014783	-0.001211	-0.953152	0.011421	0.025566	0.795021
31.464000	-0.020453	0.003061	-0.953801	0.009598	0.028736	0.766491
31.512000	-0.023207	0.003256	-0.954537	0.005397	0.024478	0.706688
31.560000	-0.018538	0.001021	-0.952919	0.004715	0.021646	0.630257
31.608000	-0.015272	0.000637	-0.952169	0.001831	0.018866	0.575889
31.656000	-0.018124	0.001293	-0.953376	0.000232	0.016673	0.528197
31.704000	-0.013911	-0.000151	-0.953682	-0.000624	0.017774	0.470914
31.752000	-0.011600	-0.000396	-0.956379	-0.002207	0.020988	0.431601
31.800000	-0.009433	-0.001848	-0.955533	-0.001896	0.020305	0.392679
31.848000	-0.009705	-0.001298	-0.955194	-0.002046	0.021090	0.358211
31.896000	-0.010890	-0.000995	-0.954994	-0.000735	0.019910	0.322067
31.944000	-0.010880	0.000643	-0.955433	-0.000464	0.019049	0.279211
31.992000	-0.007354	-0.000482	-0.954709	-0.000313	0.019355	0.244416
32.040000	-0.006676	-0.000317	-0.954691	-0.001361	0.017879	0.218021
32.088000	-0.007642	0.000889	-0.954452	-0.001539	0.017093	0.204641
32.136000	-0.009869	0.002114	-0.954559	-0.001779	0.015611	0.182646
32.184000	-0.008549	0.002280	-0.954915	-0.001300	0.013049	0.141164
32.232000	-0.006672	0.001523	-0.954548	-0.001838	0.007567	0.108580
32.280000	-0.005779	0.000911	-0.954288	-0.001913	0.005130	0.085932
32.328000	-0.006718	0.001925	-0.953737	-0.001525	0.004749	0.069645
32.376000	-0.002739	-0.000573	-0.953574	-0.001499	0.005229	0.048598
32.424000	-0.003306	-0.000731	-0.953199	-0.000896	0.004703	0.042492
32.472000	-0.003381	-0.000576	-0.953241	-0.000947	0.003895	0.037118
32.520000	-0.004263	0.000509	-0.953350	-0.001151	0.003944	0.026522
32.568000	-0.003801	-0.000272	-0.953604	-0.001214	0.004849	0.010612
32.616000	-0.001492	-0.002943	-0.953367	-0.000974	0.004421	-0.000171
32.664000	-0.001370	-0.003022	-0.953597	-0.000690	0.003713	0.000150
32.712000	-0.001053	-0.003137	-0.953666	-0.000786	0.003572	0.000104
32.760000	-0.000891	-0.003098	-0.953777	-0.001221	0.004238	-0.000075
32.808000	-0.000855	-0.003095	-0.953583	-0.002112	0.004909	0.000344
32.856000	-0.000297	-0.002972	-0.953569	-0.002198	0.002925	0.001762
32.904000	-0.001645	-0.003809	-0.950760	-0.001006	-0.001663	-0.000724
32.952000	-0.001459	-0.003879	-0.950249	-0.001441	-0.001901	-0.000911
33.000000	-0.001340	-0.003998	-0.950440	-0.001542	-0.002422	-0.000776
33.048000	-0.001265	-0.004072	-0.950281	-0.001736	-0.003087	-0.000827
33.096000	-0.001183	-0.003876	-0.950242	-0.001340	-0.003181	-0.001056
33.144000	-0.001224	-0.003875	-0.950166	-0.001871	-0.003801	-0.001247
33.192000	-0.001113	-0.004107	-0.950046	-0.001617	-0.003421	-0.001657
33.240000	-0.001112	-0.003988	-0.949969	-0.001327	-0.003511	-0.001560
33.288000	-0.001033	-0.004066	-0.950005	-0.001310	-0.003227	-0.002201
33.336000	-0.001064	-0.003953	-0.950240	-0.001646	-0.003749	-0.002388
33.384000	-0.001069	-0.004028	-0.950084	-0.001980	-0.004129	-0.002667
33.432000	-0.001100	-0.003835	-0.950319	-0.001448	-0.003363	-0.002516
33.480000	-0.000818	-0.003915	-0.950621	-0.001295	-0.003268	-0.002790
33.528000	-0.000894	-0.003957	-0.950817	-0.001301	-0.003264	-0.002556
33.576000	-0.000607	-0.003879	-0.951160	-0.001100	-0.003072	-0.002781
33.624000	-0.000717	-0.003766	-0.951396	-0.001198	-0.003116	-0.002778
33.672000	-0.000883	-0.003923	-0.951244	-0.001340	-0.003018	-0.002959
33.720000	-0.000764	-0.003763	-0.951049	-0.001334	-0.002349	-0.003180
33.768000	-0.000836	-0.003809	-0.951479	-0.001581	-0.002392	-0.003085
33.816000	-0.000825	-0.003577	-0.951713	-0.001728	-0.001959	-0.003077
33.864000	-0.000985	-0.003539	-0.951640	-0.001672	-0.001955	-0.003304
33.912000	-0.001069	-0.003697	-0.951641	-0.001666	-0.002047	-0.003532
33.960000	-0.001149	-0.003737	-0.951681	-0.001916	-0.001373	-0.003338
34.008000	-0.001268	-0.003817	-0.951761	-0.001569	-0.001177	-0.003515
34.056000	-0.001229	-0.003698	-0.951605	-0.001670	-0.001408	-0.003376
34.104000	-0.001302	-0.003743	-0.951996	-0.001378	-0.000687	-0.003364
34.152000	-0.001143	-0.003741	-0.951992	-0.001458	-0.001018	-0.003965
34.200000	-0.001260	-0.003704	-0.952035	-0.001492	-0.000444	-0.004512
34.248000	-0.001307	-0.003938	-0.951957	-0.002222	-0.000296	-0.004604
34.296000	-0.001224	-0.003939	-0.952110	-0.001542	0.000096	-0.004454
34.344000	-0.001301	-0.003903	-0.952189	-0.001497	0.000010	-0.004266
34.392000	-0.001259	-0.004023	-0.952421	-0.001642	0.000397	-0.004309
34.440000	-0.001213	-0.003869	-0.952615	-0.001404	0.001072	-0.004069
34.488000	-0.001057	-0.003944	-0.952533	-0.001476	0.001800	-0.003182
34.536000	-0.001011	-0.003948	-0.952881	-0.001287	0.001761	-0.002949
34.584000	-0.000892	-0.003907	-0.952839	-0.001180	0.001146	-0.003231
34.632000	-0.000979	-0.003943	-0.952492	-0.001038	0.001107	-0.003044
34.680000	-0.000908	-0.004056	-0.952256	-0.001135	0.000590	-0.003048
34.728000	-0.001185	-0.003862	-0.952032	-0.001386	0.000311	-0.002729
34.776000	-0.001036	-0.003895	-0.951679	-0.001442	0.000556	-0.002450
34.824000	-0.000993	-0.003896	-0.951834	-0.001783	0.000274	-0.002456
34.872000	-0.000954	-0.004054	-0.951987	-0.001974	-0.000342	-0.002556
34.920000	-0.000793	-0.003776	-0.951751	-0.001100	0.000187	-0.002408
34.968000	-0.000797	-0.003813	-0.951595	-0.000902	-0.000143	-0.002458
35.016000	-0.000590	-0.003658	-0.951863	-0.000524	-0.000326	-0.001995
35.064000	-0.000472	-0.003577	-0.951705	-0.000485	-0.000557	-0.001582
35.112000	-0.000471	-0.003459	-0.951667	-0.000246	-0.000934	-0.001400
35.160000	-0.000674	-0.003458	-0.951439	-0.000591	-0.001638	-0.001084
35.208000	-0.000868	-0.003542	-0.951716	-0.000780	-0.002107	-0.001181
35.256000	-0.000549	-0.003380	-0.951592	-0.001194	-0.003440	-0.001936
35.304000	-0.000626	-0.003383	-0.951710	-0.000899	-0.002100	-0.001922
35.352000	-0.001064	-0.003386	-0.951605	-0.000659	-0.002376	-0.001645
35.400000	-0.002169	-0.003284	-0.951750	0.000080	-0.002688	-0.005391
35.448000	-0.003032	-0.002744	-0.951545	-0.000144	-0.004056	-0.015076
35.496000	-0.002949	-0.001021	-0.951555	0.000598	-0.004202	-0.037193
35.544000	-0.003074	-0.000900	-0.951171	0.001791	-0.004736	-0.070648
35.592000	-0.005444	0.000314	-0.952098	0.001157	-0.005202	-0.101475
35.640000	-0.010648	0.003111	-0.952179	0.002400	-0.009097	-0.127649
35.688000	-0.012634	0.004377	-0.952397	0.002674	-0.008325	-0.179655
35.736000	-0.014971	0.005714	-0.952896	0.003379	-0.006173	-0.242289
35.784000	-0.013955	0.006503	-0.953185	0.003721	-0.008190	-0.313154
35.832000	-0.016239	0.006864	-0.953521	0.003830	-0.009147	-0.382623
35.880000	-0.013897	0.007485	-0.952996	0.003936	-0.010104	-0.457413
35.928000	-0.014026	0.008141	-0.953587	0.003623	-0.008069	-0.527597
35.976000	-0.015552	0.008587	-0.954019	0.002979	-0.004342	-0.600035
36.024000	-0.012497	0.009056	-0.953630	0.002877	-0.003316	-0.681704
36.072000	-0.011951	0.009520	-0.954512	0.002143	-0.001066	-0.754387
36.120000	-0.009055	0.009710	-0.954437	0.001493	-0.000918	-0.817372
36.168000	-0.010070	0.011890	-0.954557	0.002263	-0.001020	-0.871465
36.216000	-0.007380	0.011209	-0.955103	-0.000482	-0.003032	-0.930918
36.264000	-0.007447	0.011597	-0.955224	-0.000163	-0.003952	-0.975442
36.312000	-0.006703	0.011692	-0.954661	0.000277	-0.004711	-1.017328
36.360000	-0.005764	0.012637	-0.954915	-0.000213	-0.004836	-1.057315
36.408000	-0.004841	0.012759	-0.955397	-0.000050	-0.002823	-1.092560
36.456000	-0.004182	0.012221	-0.955260	-0.000568	-0.003841	-1.126031
36.504000	-0.001617	0.011264	-0.955845	-0.000553	-0.005078	-1.157510
36.552000	-0.000629	0.012721	-0.955945	-0.000708	-0.005382	-1.175378
36.600000	0.000428	0.012067	-0.956068	-0.000570	-0.005224	-1.189629
36.648000	0.000554	0.010222	-0.956673	-0.002160	-0.005706	-1.184877
36.696000	0.001997	0.009418	-0.956551	-0.003662	-0.005354	-1.161606
36.744000	0.004512	0.007819	-0.955423	-0.003006	-0.005363	-1.131384
36.792000	0.009206	0.005250	-0.955357	-0.004622	-0.001657	-1.105677
36.840000	0.010797	0.004337	-0.954763	-0.005287	-0.000518	-1.053517
36.888000	0.013254	0.002723	-0.954648	-0.007121	0.001192	-0.990577
36.936000	0.012495	0.002281	-0.954859	-0.007396	0.003067	-0.920221
36.984000	0.014946	0.002116	-0.954675	-0.007021	0.005556	-0.850505
37.032000	0.012769	0.001573	-0.955352	-0.007268	0.006519	-0.775762
37.080000	0.013110	0.001348	-0.954913	-0.006899	0.004584	-0.705716
37.128000	0.014680	0.001138	-0.954404	-0.006018	0.000962	-0.632905
37.176000	0.011664	0.000828	-0.954599	-0.005858	0.000416	-0.551464
37.224000	0.011077	0.000325	-0.953678	-0.005414	-0.001637	-0.478734
37.272000	0.008303	0.000333	-0.953674	-0.004951	-0.001781	-0.415890
37.320000	0.009116	-0.001687	-0.953210	-0.006353	-0.001150	-0.361795
37.368000	0.006315	-0.000893	-0.952902	-0.002924	0.001108	-0.302244
37.416000	0.006345	-0.001124	-0.952705	-0.003189	0.001891	-0.257814
37.464000	0.005768	-0.000985	-0.953422	-0.003094	0.003127	-0.215876
37.512000	0.004984	-0.001848	-0.952932	-0.002616	0.003493	-0.175471
37.560000	0.003946	-0.001736	-0.952377	-0.002161	0.002153	-0.139617
37.608000	0.003248	-0.001079	-0.952399	-0.001849	0.002460	-0.105738
37.656000	0.001122	0.000079	-0.951727	-0.001958	0.003647	-0.074399
37.704000	0.001164	-0.001088	-0.951290	-0.002684	0.004270	-0.052833
37.752000	0.000889	-0.000776	-0.951066	-0.002740	0.005437	-0.028945
37.800000	0.000769	-0.000379	-0.950528	-0.002230	0.005833	-0.011585
37.848000	-0.000794	0.000383	-0.950692	-0.002162	0.005829	-0.001451
37.896000	-0.000977	0.000967	-0.950701	-0.002336	0.005884	-0.000480
37.944000	-0.000349	0.000740	-0.950682	-0.001893	0.005882	-0.000709
37.992000	-0.000030	0.000623	-0.950907	-0.001351	0.004405	-0.000905
38.040000	-0.000223	0.001094	-0.950566	-0.000275	0.001122	-0.000976
38.088000	-0.000507	0.001014	-0.950417	-0.000444	0.001082	-0.000145
38.136000	-0.000859	0.001008	-0.950583	-0.000637	-0.000014	-0.000249
38.184000	-0.000944	0.000891	-0.950507	-0.000685	-0.000109	-0.000297
38.232000	-0.001108	0.000733	-0.950471	-0.000483	0.000031	-0.000573
38.280000	-0.001067	0.000694	-0.950547	-0.000426	0.000075	-0.000896
38.328000	-0.001102	0.000690	-0.950781	-0.000144	-0.000254	-0.000481
38.376000	-0.001057	0.000688	-0.950974	-0.000338	-0.000540	-0.000531
38.424000	-0.001259	0.000728	-0.950746	-0.000206	-0.000583	-0.000022
38.472000	-0.001060	0.000532	-0.951011	-0.000059	-0.001154	-0.000027
38.520000	-0.001058	0.000649	-0.950934	-0.000982	-0.001490	-0.000174
38.568000	-0.000857	0.000649	-0.951083	-0.000789	-0.000871	-0.000122
38.616000	-0.000695	0.000690	-0.951118	-0.001029	-0.000824	-0.000262
38.664000	-0.000849	0.000685	-0.951355	-0.000976	-0.000588	-0.000445
38.712000	-0.000844	0.000762	-0.951511	-0.001264	-0.000114	-0.000627
38.760000	-0.000724	0.000841	-0.951431	-0.001314	-0.000637	-0.000586
38.808000	-0.000681	0.000840	-0.951584	-0.001614	-0.000968	-0.000314
38.856000	-0.000607	0.000486	-0.951736	-0.001024	-0.001158	-0.000451
38.904000	-0.000721	0.000562	-0.951856	-0.000977	-0.001157	-0.000405
38.952000	-0.000883	0.000601	-0.951706	-0.001068	-0.001064	-0.000636
39.000000	-0.000760	0.000719	-0.951742	-0.000970	-0.000968	-0.000635
39.048000	-0.000843	0.000640	-0.951704	-0.000826	-0.000728	-0.000539
39.096000	-0.000956	0.000754	-0.951825	-0.000524	-0.001063	-0.000864
39.144000	-0.000880	0.000599	-0.951822	-0.000570	-0.001063	-0.000956
39.192000	-0.001079	0.000598	-0.951788	-0.000714	-0.001396	-0.001051
39.240000	-0.000997	0.000557	-0.951941	-0.001084	-0.001165	-0.001790
39.288000	-0.000804	0.000642	-0.951625	-0.001324	-0.001594	-0.001931
39.336000	-0.000724	0.000642	-0.951663	-0.001088	-0.001256	-0.001599
39.384000	-0.000810	0.000527	-0.951470	-0.001437	-0.001538	-0.001273
39.432000	-0.000771	0.000488	-0.951469	-0.001495	-0.001771	-0.000900
39.480000	-0.000771	0.000607	-0.951353	-0.001491	-0.001248	-0.001028
39.528000	-0.000853	0.000608	-0.951277	-0.001588	-0.001865	-0.000980
39.576000	-0.000662	0.000417	-0.951116	-0.001628	-0.001486	-0.001293
39.624000	-0.000742	0.000574	-0.950964	-0.001571	-0.001106	-0.001559
39.672000	-0.000671	0.000342	-0.950805	-0.001473	-0.001294	-0.001506
39.720000	-0.000790	0.000301	-0.950847	-0.001717	-0.001245	-0.001451
39.768000	-0.000873	0.000262	-0.950732	-0.002015	-0.000766	-0.001208
39.816000	-0.000595	0.000385	-0.950609	-0.001815	-0.000290	-0.001330
39.864000	-0.000478	0.000308	-0.950605	-0.001870	-0.000095	-0.001039
39.912000	-0.000434	0.000385	-0.950760	-0.001964	0.000191	-0.001118
39.960000	-0.000235	0.000427	-0.950716	-0.002208	0.000478	-0.001056
40.008000	0.000087	0.000666	-0.950671	-0.002553	0.000290	-0.000859
40.056000	0.000207	0.000627	-0.950784	-0.003138	0.000244	-0.000802
40.104000	0.000281	0.000552	-0.950626	-0.002953	0.000203	-0.000321
40.152000	0.000317	0.000436	-0.950585	-0.002896	0.000297	-0.000534
40.200000	0.000319	0.000435	-0.950663	-0.002741	0.000296	-0.000793
40.248000	0.000555	0.000596	-0.950463	-0.002703	0.000777	-0.000306
40.296000	0.000634	0.000757	-0.950228	-0.003045	0.000445	-0.000200
40.344000	0.000916	0.000757	-0.950454	-0.002557	0.000352	-0.000084
40.392000	0.000868	0.000801	-0.950029	-0.002132	0.000645	0.000544
40.440000	0.001100	0.000649	-0.949943	-0.002078	0.000596	0.000424
40.488000	0.001138	0.000729	-0.949788	-0.002115	0.000594	0.000072
40.536000	0.001383	0.000807	-0.950015	-0.001818	0.001212	0.000005
40.584000	0.001268	0.000881	-0.950135	-0.002001	0.000780	-0.000351
40.632000	0.001373	0.000455	-0.949935	-0.001602	-0.001220	-0.000486
40.680000	0.001255	0.000374	-0.950054	0.000235	-0.002877	0.000267
40.728000	0.001016	0.000015	-0.950408	0.002423	-0.006487	0.000773
40.776000	-0.000760	0.000347	-0.950380	0.005225	-0.010661	0.002020
40.824000	-0.002003	-0.000240	-0.952314	0.010760	-0.016085	0.001464
40.872000	-0.004990	-0.002172	-0.953859	0.026352	-0.030411	-0.000875
40.920000	-0.006012	-0.005715	-0.954600	0.056972	-0.041748	-0.001483
40.968000	-0.007395	-0.010428	-0.954642	0.100982	-0.051293	0.004429
41.016000	-0.008596	-0.018973	-0.954614	0.151478	-0.061493	0.010464
41.064000	-0.012939	-0.027745	-0.954319	0.205717	-0.069018	0.016960
41.112000	-0.015847	-0.039716	-0.954352	0.269940	-0.071842	0.025819
41.160000	-0.023304	-0.053178	-0.950996	0.350496	-0.069148	0.036901
41.208000	-0.029033	-0.071238	-0.944608	0.429590	-0.071362	0.037102
41.256000	-0.034608	-0.091907	-0.937265	0.504292	-0.075966	0.026425
41.304000	-0.038092	-0.116711	-0.924861	0.585411	-0.084187	0.009457
41.352000	-0.040678	-0.144626	-0.911633	0.667876	-0.086641	-0.006896
41.400000	-0.042984	-0.175139	-0.894026	0.745710	-0.096463	-0.021446
41.448000	-0.045986	-0.207822	-0.874128	0.814329	-0.106792	-0.032582
41.496000	-0.047672	-0.243334	-0.850404	0.877452	-0.114454	-0.042661
41.544000	-0.048650	-0.279738	-0.823700	0.938392	-0.110843	-0.048023
41.592000	-0.050317	-0.316724	-0.793201	0.988481	-0.106955	-0.047196
41.640000	-0.052739	-0.354418	-0.765244	1.025900	-0.094159	-0.043581
41.688000	-0.056466	-0.392477	-0.734171	1.061222	-0.091027	-0.039789
41.736000	-0.057643	-0.431762	-0.697577	1.093805	-0.087216	-0.039432
41.784000	-0.061224	-0.469545	-0.669339	1.107822	-0.081997	-0.038194
41.832000	-0.063683	-0.508427	-0.633560	1.126401	-0.079874	-0.043252
41.880000	-0.066239	-0.546595	-0.599927	1.149422	-0.072796	-0.048472
41.928000	-0.065789	-0.586434	-0.562198	1.173518	-0.066914	-0.055359
41.976000	-0.066772	-0.624563	-0.524130	1.189084	-0.062473	-0.057077
42.024000	-0.065390	-0.661821	-0.484373	1.201868	-0.047424	-0.059039
42.072000	-0.063161	-0.697836	-0.440209	1.202550	-0.035312	-0.062715
42.120000	-0.063137	-0.732639	-0.397202	1.171971	-0.025502	-0.063253
42.168000	-0.063334	-0.763951	-0.356480	1.129269	-0.014578	-0.064867
42.216000	-0.062207	-0.793948	-0.315032	1.082555	-0.003547	-0.069695
42.264000	-0.059509	-0.821970	-0.270679	1.024749	0.000650	-0.081033
42.312000	-0.054399	-0.847902	-0.232924	0.938958	-0.001848	-0.091245
42.360000	-0.049414	-0.869720	-0.197650	0.854785	0.000876	-0.092793
42.408000	-0.045491	-0.888331	-0.164681	0.775445	0.005005	-0.081714
42.456000	-0.042977	-0.903139	-0.135742	0.693590	0.013378	-0.064271
42.504000	-0.042843	-0.914431	-0.108290	0.608657	0.015227	-0.046534
42.552000	-0.042023	-0.923572	-0.084530	0.531523	0.025036	-0.034142
42.600000	-0.040640	-0.930364	-0.064037	0.462271	0.035783	-0.024566
42.648000	-0.040399	-0.934667	-0.046662	0.397840	0.043781	-0.014573
42.696000	-0.041008	-0.938052	-0.033048	0.336089	0.039807	-0.007774
42.744000	-0.041555	-0.940309	-0.022939	0.286385	0.036072	-0.008078
42.792000	-0.040807	-0.942397	-0.010115	0.248454	0.023608	-0.012330
42.840000	-0.038586	-0.943768	-0.000483	0.213082	0.019850	-0.017600
42.888000	-0.038151	-0.944244	0.004585	0.182047	0.016893	-0.018995
42.936000	-0.036417	-0.945588	0.016614	0.166384	0.013023	-0.018648
42.984000	-0.034661	-0.946348	0.022613	0.147008	0.013275	-0.014581
43.032000	-0.033556	-0.947104	0.029489	0.120868	0.009767	-0.009290
43.080000	-0.033787	-0.947418	0.032556	0.092705	0.008111	-0.003398
43.128000	-0.033176	-0.947902	0.036813	0.069379	0.009615	-0.001476
43.176000	-0.033348	-0.948069	0.039180	0.039621	0.008458	0.002007
43.224000	-0.035856	-0.948301	0.035694	0.007765	0.007441	0.005478
43.272000	-0.035889	-0.948372	0.033401	-0.003703	0.006612	0.000133
43.320000	-0.035979	-0.948167	0.034135	-0.010225	0.005849	-0.004073
43.368000	-0.034680	-0.949221	0.033323	-0.019169	0.002301	-0.005217
43.416000	-0.036207	-0.948744	0.029274	-0.028886	0.000830	-0.003015
43.464000	-0.035560	-0.949142	0.028207	-0.026388	0.001146	-0.005172
43.512000	-0.035911	-0.949056	0.026177	-0.023224	0.000914	-0.004830
43.560000	-0.035511	-0.949492	0.025491	-0.018943	0.001335	-0.006143
43.608000	-0.035486	-0.949508	0.024287	-0.015908	0.000907	-0.006452
43.656000	-0.034589	-0.950045	0.024393	-0.011489	0.002045	-0.007480
43.704000	-0.035114	-0.949912	0.023095	-0.013250	0.001964	-0.005453
43.752000	-0.034830	-0.950231	0.022444	-0.014610	0.002119	-0.003838
43.800000	-0.034536	-0.950239	0.021636	-0.015453	0.001930	-0.003333
43.848000	-0.034350	-0.949976	0.020668	-0.013767	0.002112	-0.004290
43.896000	-0.034100	-0.950099	0.019976	-0.010074	0.002500	-0.003707
43.944000	-0.034276	-0.949678	0.019424	-0.005362	0.002131	-0.002894
43.992000	-0.034225	-0.950018	0.020361	-0.001589	0.002907	-0.001659
44.040000	-0.035147	-0.949728	0.019401	-0.003713	0.003213	0.001110
44.088000	-0.034531	-0.949988	0.019925	-0.004210	0.003483	-0.000369
44.136000	-0.035939	-0.949722	0.017514	-0.009508	0.003388	0.000713
44.184000	-0.035471	-0.950110	0.017413	-0.009944	0.003416	-0.001231
44.232000	-0.035629	-0.949780	0.015892	-0.011548	0.002982	-0.001427
44.280000	-0.035320	-0.950129	0.015903	-0.008579	0.002654	-0.001134
44.328000	-0.035551	-0.950534	0.015084	-0.007065	0.002956	0.000591
44.376000	-0.035552	-0.950294	0.015432	-0.004972	0.002865	0.000789
44.424000	-0.036012	-0.950229	0.014797	-0.007039	0.003342	0.001431
44.472000	-0.035880	-0.950397	0.013947	-0.007644	0.003425	0.000366
44.520000	-0.035226	-0.950163	0.013301	-0.007492	0.003420	0.000139
44.568000	-0.035070	-0.950478	0.013075	-0.005122	0.004047	0.000902
44.616000	-0.035593	-0.950107	0.012009	-0.002634	0.004350	0.002727
44.664000	-0.035560	-0.950101	0.012398	0.001467	0.003970	0.002566
44.712000	-0.035956	-0.949787	0.012734	0.004050	0.003828	0.002629
44.760000	-0.035972	-0.949777	0.013511	0.003586	0.004100	0.001662
44.808000	-0.035826	-0.949395	0.012696	-0.000165	0.003230	0.001407
44.856000	-0.035714	-0.949708	0.012624	-0.000688	0.003076	0.000806
44.904000	-0.036445	-0.949373	0.011942	-0.000602	0.002742	0.001178
44.952000	-0.036687	-0.949373	0.012168	0.001870	0.002540	-0.000053
45.000000	-0.036901	-0.949404	0.012900	0.000709	0.002294	-0.000474
45.048000	-0.036652	-0.949409	0.012363	-0.003606	0.002514	-0.001556
45.096000	-0.036024	-0.949836	0.012111	-0.006621	0.003314	-0.001931
45.144000	-0.036335	-0.949589	0.010275	-0.009316	0.002742	-0.001483
45.192000	-0.035823	-0.949901	0.010019	-0.005264	0.002255	-0.003309
45.240000	-0.035937	-0.949744	0.010015	-0.001162	0.002070	-0.003374
45.288000	-0.034783	-0.950107	0.011253	0.003201	0.001737	-0.004087
45.336000	-0.035867	-0.949817	0.010367	0.001952	0.001429	-0.001082
45.384000	-0.035528	-0.949841	0.011191	0.005136	0.002050	-0.001467
45.432000	-0.035822	-0.949581	0.010366	0.004110	0.002288	-0.001324
45.480000	-0.034899	-0.949552	0.011789	0.005090	0.002226	-0.003161
45.528000	-0.034811	-0.949477	0.011480	0.003031	0.002086	-0.002656
45.576000	-0.034117	-0.949815	0.011968	0.002939	0.002086	-0.002694
45.624000	-0.034283	-0.949812	0.012313	-0.000148	0.002058	-0.000202
45.672000	-0.035590	-0.949630	0.012472	-0.005031	0.002009	0.000150
45.720000	-0.035845	-0.949303	0.013628	-0.014319	0.001449	-0.002582
45.768000	-0.034930	-0.949667	0.014938	-0.032133	0.000492	-0.005780
45.816000	-0.034876	-0.949224	0.012876	-0.059816	-0.000125	-0.006624
45.864000	-0.034086	-0.948774	0.007919	-0.093907	-0.001126	-0.006859
45.912000	-0.033715	-0.948047	0.000577	-0.122719	-0.001062	-0.005666
45.960000	-0.033178	-0.947615	-0.005593	-0.145683	-0.000843	-0.004208
46.008000	-0.033149	-0.946344	-0.012948	-0.171049	-0.000607	-0.000496
46.056000	-0.033489	-0.945136	-0.021713	-0.200341	0.000090	0.002227
46.104000	-0.033661	-0.943002	-0.031724	-0.236123	0.001473	0.003068
46.152000	-0.034030	-0.940089	-0.044660	-0.280506	-0.000215	0.002676
46.200000	-0.034175	-0.936461	-0.059890	-0.330719	-0.006774	0.001421
46.248000	-0.034329	-0.931128	-0.076414	-0.384640	-0.010182	0.001885
46.296000	-0.034749	-0.925023	-0.096334	-0.446535	-0.015197	0.004974
46.344000	-0.035561	-0.915647	-0.120175	-0.513504	-0.013781	0.009620
46.392000	-0.037506	-0.904439	-0.146469	-0.582413	-0.012182	0.013840
46.440000	-0.039364	-0.890528	-0.175618	-0.654742	-0.009714	0.014578
46.488000	-0.039022	-0.875120	-0.205845	-0.722937	-0.006667	0.010299
46.536000	-0.039157	-0.856877	-0.240303	-0.795247	-0.008459	0.008590
46.584000	-0.039014	-0.834772	-0.275909	-0.860494	-0.007919	0.010876
46.632000	-0.039548	-0.810563	-0.314503	-0.925529	-0.009255	0.016199
46.680000	-0.040533	-0.783578	-0.353011	-0.980602	-0.006787	0.024758
46.728000	-0.043144	-0.753467	-0.393529	-1.033892	-0.005182	0.032396
46.776000	-0.043787	-0.722024	-0.435518	-1.080151	-0.003253	0.032486
46.824000	-0.043930	-0.689492	-0.475559	-1.111893	-0.001788	0.031633
46.872000	-0.043203	-0.655370	-0.517452	-1.134275	0.000060	0.034723
46.920000	-0.044432	-0.618861	-0.557784	-1.146789	0.002714	0.040975
46.968000	-0.044172	-0.582643	-0.597646	-1.149656	0.007178	0.045861
47.016000	-0.045086	-0.545123	-0.632961	-1.136323	0.011937	0.054357
47.064000	-0.047028	-0.506518	-0.665278	-1.121347	0.017530	0.059862
47.112000	-0.047430	-0.467918	-0.699227	-1.102954	0.023586	0.057985
47.160000	-0.044092	-0.430476	-0.735166	-1.083624	0.035948	0.042843
47.208000	-0.042369	-0.392625	-0.765475	-1.053846	0.037621	0.038629
47.256000	-0.040944	-0.355597	-0.795709	-1.020545	0.038900	0.037717
47.304000	-0.039443	-0.318994	-0.822555	-0.978170	0.044605	0.040412
47.352000	-0.037822	-0.283372	-0.846865	-0.928058	0.051358	0.042003
47.400000	-0.036448	-0.248995	-0.870317	-0.875416	0.054151	0.042184
47.448000	-0.034420	-0.215658	-0.890284	-0.814539	0.059259	0.039053
47.496000	-0.032264	-0.185403	-0.906689	-0.751133	0.057695	0.034534
47.544000	-0.028962	-0.157110	-0.921494	-0.684520	0.056711	0.030547
47.592000	-0.025911	-0.131277	-0.932828	-0.612271	0.054476	0.029264
47.640000	-0.024061	-0.107388	-0.942121	-0.541402	0.051371	0.032177
47.688000	-0.022510	-0.086235	-0.947905	-0.469688	0.052399	0.034346
47.736000	-0.020854	-0.068930	-0.951870	-0.403753	0.052281	0.031891
47.784000	-0.019314	-0.053407	-0.954348	-0.339817	0.053905	0.027497
47.832000	-0.016993	-0.040957	-0.956005	-0.283806	0.051191	0.018531
47.880000	-0.013271	-0.031285	-0.955857	-0.230163	0.049099	0.010434
47.928000	-0.011352	-0.023107	-0.954697	-0.181137	0.046919	0.008975
47.976000	-0.008717	-0.016354	-0.955295	-0.142935	0.045544	0.008991
48.024000	-0.007656	-0.011125	-0.954449	-0.109644	0.043823	0.008374
48.072000	-0.005239	-0.008007	-0.954522	-0.078717	0.041407	0.004961
48.120000	-0.004293	-0.004917	-0.952535	-0.049757	0.037899	0.002129
48.168000	-0.002396	-0.003408	-0.952418	-0.031161	0.034428	-0.005434
48.216000	0.000103	-0.003049	-0.953948	-0.019102	0.028678	-0.011157
48.264000	0.001455	-0.002758	-0.953759	-0.012721	0.022596	-0.010713
48.312000	-0.000134	-0.001715	-0.950464	-0.005667	0.010334	0.001155
48.360000	0.000472	-0.001239	-0.950490	-0.004044	0.007917	0.002393
48.408000	0.000522	-0.000848	-0.950492	-0.002553	0.005732	0.003122
48.456000	0.000928	-0.000850	-0.950948	-0.000484	0.001472	0.000551
48.504000	0.001018	-0.000578	-0.951103	-0.000096	0.001040	0.000550
48.552000	0.001144	-0.000502	-0.951333	-0.000181	0.000603	-0.000055
48.600000	0.001144	-0.000463	-0.951334	-0.000328	0.000408	-0.000103
48.648000	0.001068	-0.000545	-0.951567	0.000050	0.000931	0.000228
48.696000	0.001024	-0.000583	-0.951375	0.000011	0.000449	-0.000143
48.744000	0.000905	-0.000466	-0.951263	-0.000195	0.000021	0.000225
48.792000	0.001076	-0.000315	-0.951725	-0.000328	0.000108	-0.000327
48.840000	0.001232	-0.000312	-0.951605	0.000158	0.000539	-0.000226
48.888000	0.001071	-0.000273	-0.951454	0.000105	0.000303	-0.000041
48.936000	0.001147	-0.000309	-0.951374	-0.000328	-0.000222	-0.000231
48.984000	0.001146	-0.000189	-0.951141	-0.000387	-0.000027	0.000190
49.032000	0.000989	-0.000231	-0.951301	-0.000576	-0.000076	0.000005
49.080000	0.001147	-0.000150	-0.951180	-0.000999	0.000347	-0.000592
49.128000	0.001143	-0.000226	-0.951024	-0.001096	0.000443	-0.000590
49.176000	0.001067	-0.000228	-0.951182	-0.001335	0.000633	-0.000726
49.224000	0.001110	-0.000110	-0.951181	-0.001525	0.000917	-0.000907
49.272000	0.000986	-0.000229	-0.951144	-0.001962	0.000584	-0.000910
49.320000	0.000948	-0.000150	-0.951107	-0.001860	0.000584	-0.001046
49.368000	0.001182	-0.000024	-0.950712	-0.001863	0.000871	-0.000903
49.416000	0.001261	0.000135	-0.950555	-0.002156	0.000872	-0.000856
49.464000	0.001300	0.000017	-0.950670	-0.002013	0.000827	-0.000668
49.512000	0.001342	-0.000143	-0.950979	-0.002110	0.001018	-0.000664
49.560000	0.001392	0.000088	-0.951251	-0.001571	0.000686	-0.000708
49.608000	0.001629	0.000051	-0.951245	-0.001567	0.000686	-0.000799
49.656000	0.001665	0.000014	-0.951166	-0.001324	0.000404	-0.000656
49.704000	0.001467	-0.000027	-0.951210	-0.001144	0.000698	-0.000000
49.752000	0.001582	0.000056	-0.950936	-0.000753	0.001177	0.000104
49.800000	0.001664	0.000253	-0.950858	-0.000787	0.000985	-0.000309
49.848000	0.001747	0.000331	-0.950933	-0.000993	0.001181	0.000158
49.896000	0.001868	0.000292	-0.951085	-0.000700	0.001708	0.000308
49.944000	0.001702	0.000334	-0.950701	-0.000608	0.001714	0.000638
49.992000	0.001709	0.000529	-0.950780	-0.000794	0.001761	0.000457
50.040000	0.001716	0.000604	-0.951014	-0.000743	0.002002	0.000557
50.088000	0.001757	0.000603	-0.951091	-0.000015	0.002151	0.000892
50.136000	0.001676	0.000325	-0.951324	-0.000097	0.001864	0.000478
50.184000	0.001989	0.000134	-0.951315	-0.000039	0.001771	0.000391
50.232000	0.001876	0.000129	-0.951589	0.000011	0.001204	0.000578
50.280000	0.001870	0.000132	-0.951318	-0.000032	0.001063	0.000582
50.328000	0.001988	0.000212	-0.951199	-0.000264	0.000731	0.000399
50.376000	0.002106	0.000135	-0.951234	-0.000061	0.000733	0.000361
50.424000	0.001613	0.000672	-0.951640	0.000647	0.003679	-0.005849
50.472000	0.001799	0.000483	-0.951284	0.002148	0.006575	-0.012471
50.520000	0.002299	0.000102	-0.950996	0.002463	0.010475	-0.013121
50.568000	0.003333	-0.000087	-0.951395	0.001139	0.019475	-0.012809
50.616000	0.004564	0.000004	-0.951440	0.000977	0.029954	-0.012198
50.664000	0.006307	0.000063	-0.951393	0.000587	0.041570	-0.012180
50.712000	0.009070	-0.000135	-0.951085	0.000377	0.062567	-0.011798
50.760000	0.013820	-0.000236	-0.950879	0.001088	0.103584	-0.013497
50.808000	0.021105	-0.000504	-0.950720	0.002654	0.154015	-0.016451
50.856000	0.032776	-0.001323	-0.948652	0.008352	0.224665	-0.021095
50.904000	0.046486	-0.001296	-0.946458	0.013273	0.316471	-0.033696
50.952000	0.067777	-0.003510	-0.939690	0.023185	0.410007	-0.050513
51.000000	0.092480	-0.003328	-0.932148	0.033152	0.492612	-0.065485
51.048000	0.118745	-0.003604	-0.922152	0.035637	0.558397	-0.075885
51.096000	0.148839	-0.003837	-0.909409	0.031551	0.628326	-0.079667
51.144000	0.178611	-0.003570	-0.894035	0.026418	0.670119	-0.083803
51.192000	0.210825	-0.002137	-0.878370	0.020007	0.718988	-0.089594
51.240000	0.244980	-0.001585	-0.860003	0.014154	0.791473	-0.084016
51.288000	0.280659	-0.001425	-0.837200	0.011579	0.863152	-0.078704
51.336000	0.316037	-0.001439	-0.815453	0.000227	0.924220	-0.071641
51.384000	0.355117	-0.001490	-0.785016	-0.000864	1.022526	-0.069597
51.432000	0.395141	-0.001024	-0.751758	-0.004696	1.113169	-0.067036
51.480000	0.435288	-0.001116	-0.713788	-0.002125	1.199487	-0.064850
51.528000	0.475328	-0.000491	-0.671746	-0.003079	1.272653	-0.063728
51.576000	0.515056	-0.000536	-0.627025	-0.004925	1.327659	-0.054354
51.624000	0.553799	-0.000573	-0.580696	-0.006056	1.356386	-0.045586
51.672000	0.592661	0.000956	-0.534454	-0.000188	1.345203	-0.045795
51.720000	0.630895	0.000991	-0.488296	0.001094	1.333822	-0.046031
51.768000	0.669310	0.001133	-0.443066	0.001347	1.317493	-0.045994
51.816000	0.707165	0.000994	-0.397889	0.001857	1.300398	-0.046425
51.864000	0.744366	0.001191	-0.353314	0.001641	1.274735	-0.046892
51.912000	0.779275	0.001437	-0.309034	0.000777	1.235149	-0.044666
51.960000	0.811554	0.001663	-0.264164	-0.000733	1.189046	-0.041901
52.008000	0.839764	0.002402	-0.221273	-0.006243	1.121063	-0.036812
52.056000	0.865777	0.002253	-0.178628	-0.011437	1.027108	-0.024691
52.104000	0.884094	0.004421	-0.140599	-0.021303	0.932335	-0.007559
52.152000	0.899112	0.004118	-0.103147	-0.031166	0.849585	0.007368
52.200000	0.912532	0.004310	-0.068267	-0.034291	0.782419	0.018123
52.248000	0.922441	0.004423	-0.036241	-0.030117	0.711207	0.022404
52.296000	0.932279	0.004030	-0.007014	-0.024864	0.668516	0.027644
52.344000	0.939675	0.002470	0.021964	-0.018888	0.619690	0.033387
52.392000	0.945170	0.001989	0.048354	-0.012940	0.547679	0.027952
52.440000	0.949185	0.002018	0.070308	-0.010081	0.476810	0.023066
52.488000	0.953575	0.002185	0.093477	0.001363	0.417693	0.016159
52.536000	0.954263	0.002271	0.107878	0.002601	0.318856	0.014156
52.584000	0.954092	0.001755	0.119073	0.006627	0.227255	0.011724
52.632000	0.953681	0.001798	0.125475	0.004052	0.140931	0.009675
52.680000	0.953093	0.001202	0.128185	0.005056	0.067947	0.008506
52.728000	0.953711	0.000784	0.128516	0.006193	0.009898	0.005670
52.776000	0.954344	0.000726	0.126589	0.005874	-0.020586	0.003678
52.824000	0.954548	-0.000784	0.124623	-0.000455	-0.013069	0.004774
52.872000	0.954967	-0.000913	0.123391	-0.000059	-0.011836	0.004508
52.920000	0.954808	-0.001273	0.122961	0.000337	-0.006273	0.004143
52.968000	0.954943	-0.001122	0.122380	0.000235	-0.002041	0.004179
53.016000	0.954542	-0.001322	0.122408	0.000172	0.002053	0.004585
53.064000	0.954459	-0.001400	0.122484	0.000565	0.002762	0.004453
53.112000	0.954656	-0.001636	0.122335	0.000183	-0.002100	0.004220
53.160000	0.954343	-0.001761	0.122017	-0.001500	-0.006778	0.003380
53.208000	0.954398	-0.001849	0.121279	-0.002539	-0.009492	0.003950
53.256000	0.954447	-0.002014	0.120660	-0.003038	-0.009731	0.004360
53.304000	0.954381	-0.002062	0.119998	-0.003037	-0.007071	0.004244
53.352000	0.954427	-0.002145	0.119572	-0.002104	-0.002936	0.003915
53.400000	0.954312	-0.002348	0.119182	-0.001699	0.000482	0.003253
53.448000	0.954034	-0.002551	0.118942	-0.002012	0.001752	0.002151
53.496000	0.954236	-0.002589	0.118793	-0.001720	0.001843	0.002152
53.544000	0.954319	-0.002789	0.118369	-0.002063	0.001264	0.002189
53.592000	0.954521	-0.002949	0.118026	-0.002107	0.001967	0.001961
53.640000	0.954413	-0.002917	0.117557	-0.001909	0.001054	0.001859
53.688000	0.954697	-0.003077	0.117099	-0.001815	0.001907	0.001958
53.736000	0.954661	-0.003160	0.116787	-0.001536	0.003621	0.002391
53.784000	0.954779	-0.003237	0.116752	-0.001195	0.005377	0.002361
53.832000	0.954739	-0.003475	0.116520	-0.001399	0.005946	0.002641
53.880000	0.954703	-0.003558	0.116287	-0.001107	0.006894	0.002650
53.928000	0.954943	-0.003637	0.116061	-0.001295	0.006411	0.002366
53.976000	0.954910	-0.003683	0.115671	-0.000791	0.005307	0.001755
54.024000	0.954957	-0.003687	0.115362	-0.001230	0.006396	0.001715
54.072000	0.955117	-0.003607	0.115405	-0.001267	0.007006	0.001257
54.120000	0.955227	-0.003838	0.115526	-0.001032	0.009384	0.001510
54.168000	0.955350	-0.003918	0.115258	-0.000676	0.010417	0.000917
54.216000	0.955337	-0.004189	0.115532	-0.000769	0.009360	0.000720
54.264000	0.955185	-0.003996	0.115410	-0.000518	0.010773	0.000407
54.312000	0.955300	-0.003874	0.115684	0.001038	0.013383	0.000529
54.360000	0.955373	-0.003749	0.116112	0.002558	0.017416	0.000108
54.408000	0.955485	-0.003585	0.116619	0.002960	0.018157	-0.000349
54.456000	0.955602	-0.003384	0.116893	0.003295	0.015764	-0.000095
54.504000	0.955677	-0.003301	0.117206	0.002758	0.012797	-0.000036
54.552000	0.955786	-0.003292	0.117676	0.002264	0.008922	0.000246
54.600000	0.956102	-0.003168	0.117840	0.002268	0.008281	0.000097
54.648000	0.955945	-0.003131	0.117836	0.002028	0.005783	-0.000023
54.696000	0.955979	-0.003127	0.118070	0.002287	0.003948	-0.000551
54.744000	0.956257	-0.003005	0.118155	0.002156	-0.000742	-0.001014
54.792000	0.956343	-0.003048	0.117807	0.001614	-0.004142	-0.000728
54.840000	0.956388	-0.003250	0.117304	0.000933	-0.005216	-0.000792
54.888000	0.956403	-0.003101	0.116760	0.000105	-0.006337	-0.000857
54.936000	0.956213	-0.003109	0.116366	0.000116	-0.007651	-0.001243
54.984000	0.956422	-0.002996	0.115981	-0.000079	-0.007493	-0.001246
55.032000	0.956517	-0.002805	0.115477	-0.000339	-0.007155	-0.002498
55.080000	0.956410	-0.002695	0.115046	0.000045	-0.007612	-0.002273
55.128000	0.956657	-0.002538	0.114817	0.000178	-0.004552	-0.001878
55.176000	0.956547	-0.002385	0.114581	0.000282	-0.004686	-0.002115
55.224000	0.956519	-0.002194	0.114229	0.000039	-0.004866	-0.002168
55.272000	0.956411	-0.002203	0.113721	0.000344	-0.007812	-0.002614
55.320000	0.956624	-0.001891	0.113336	-0.000394	-0.010225	-0.002365
55.368000	0.956567	-0.001669	0.112516	-0.000665	-0.015788	-0.003069
55.416000	0.956740	-0.001716	0.111783	-0.002412	-0.025394	-0.003214
55.464000	0.957058	-0.001658	0.109964	-0.008045	-0.041056	-0.003899
55.512000	0.956936	-0.001710	0.106308	-0.016700	-0.062483	-0.004561
55.560000	0.957167	-0.001501	0.101260	-0.024606	-0.086623	-0.005797
55.608000	0.957456	-0.001662	0.094933	-0.025560	-0.120548	-0.005881
55.656000	0.957027	-0.001416	0.087379	-0.025769	-0.159614	-0.006285
55.704000	0.956624	-0.001571	0.076290	-0.025012	-0.208443	-0.007928
55.752000	0.956536	-0.001295	0.062059	-0.024636	-0.264462	-0.009778
55.800000	0.954936	-0.001297	0.045883	-0.023774	-0.318416	-0.009755
55.848000	0.952480	-0.000750	0.027659	-0.022714	-0.379790	-0.009659
55.896000	0.948116	-0.000391	0.005769	-0.023011	-0.450765	-0.007899
55.944000	0.943438	-0.000830	-0.022810	-0.024806	-0.517417	-0.006756
55.992000	0.936088	-0.000295	-0.049484	-0.023830	-0.544465	-0.006163
56.040000	0.928308	-0.000166	-0.076907	-0.022074	-0.572749	-0.005531
56.088000	0.919692	0.000087	-0.105985	-0.021946	-0.612165	-0.003945
56.136000	0.909146	0.000167	-0.137718	-0.023378	-0.661903	-0.002184
56.184000	0.896917	-0.000027	-0.170854	-0.023917	-0.710742	-0.001010
56.232000	0.882154	-0.000118	-0.205848	-0.025008	-0.767206	-0.000881
56.280000	0.864562	0.000153	-0.243525	-0.025708	-0.849393	0.001655
56.328000	0.843669	0.000049	-0.283037	-0.027314	-0.942564	0.005474
56.376000	0.817297	-0.000494	-0.324481	-0.031944	-1.023734	0.010820
56.424000	0.785988	-0.003177	-0.358112	-0.035396	-1.100715	0.015795
56.472000	0.752534	-0.003599	-0.402001	-0.038155	-1.191292	0.022547
56.520000	0.715904	-0.003126	-0.446565	-0.038604	-1.251953	0.031573
56.568000	0.678261	-0.002768	-0.490222	-0.036189	-1.278466	0.036761
56.616000	0.639022	-0.002263	-0.533184	-0.031266	-1.277746	0.042394
56.664000	0.599428	-0.001221	-0.573751	-0.023549	-1.264889	0.047228
56.712000	0.559952	-0.001729	-0.610493	-0.015549	-1.243448	0.048624
56.760000	0.525923	-0.002700	-0.654123	-0.007339	-1.174633	0.041056
56.808000	0.486942	-0.002658	-0.691051	-0.006200	-1.136172	0.041319
56.856000	0.448184	-0.002101	-0.724827	-0.006858	-1.085662	0.042791
56.904000	0.409018	-0.002087	-0.754956	-0.006872	-1.029426	0.045615
56.952000	0.371408	-0.001876	-0.783489	-0.007594	-0.973883	0.045745
57.000000	0.334496	-0.002019	-0.809747	-0.008368	-0.910867	0.045803
57.048000	0.299250	-0.002170	-0.832305	-0.007992	-0.836629	0.044582
57.096000	0.264705	-0.001553	-0.847812	-0.005761	-0.767099	0.043420
57.144000	0.232639	-0.001479	-0.864962	-0.006297	-0.739455	0.042743
57.192000	0.201110	-0.001308	-0.881124	-0.007509	-0.710911	0.041746
57.240000	0.170741	-0.001301	-0.896088	-0.007553	-0.671752	0.040620
57.288000	0.142065	-0.001124	-0.908405	-0.005629	-0.623269	0.038711
57.336000	0.114949	-0.000793	-0.919319	-0.005064	-0.575202	0.038317
57.384000	0.090416	-0.000331	-0.928494	-0.004214	-0.518610	0.038143
57.432000	0.068595	-0.000195	-0.935066	-0.003947	-0.439242	0.035488
57.480000	0.050263	0.000046	-0.939640	-0.002145	-0.345841	0.031673
57.528000	0.037301	0.000720	-0.942714	0.002532	-0.265440	0.026507
57.576000	0.029355	0.003815	-0.953289	0.005673	-0.186699	0.022243
57.624000	0.023426	0.004373	-0.953452	0.008573	-0.094365	0.015740
57.672000	0.020988	0.003962	-0.952892	0.009399	-0.028804	0.007132
57.720000	0.019247	0.003861	-0.953173	0.008629	0.006565	0.002360
57.768000	0.019118	0.003510	-0.953057	0.009197	0.020705	-0.002690
57.816000	0.019547	0.002883	-0.953430	0.009896	0.029520	-0.007047
57.864000	0.019540	0.003391	-0.956311	0.009704	0.032566	-0.007112
57.912000	0.014030	0.004614	-0.951063	0.001915	-0.002693	0.000440
57.960000	0.014152	0.004534	-0.951292	0.001143	-0.002315	0.000210
58.008000	0.013947	0.004454	-0.951142	0.001146	-0.002552	0.000209
58.056000	0.013992	0.004293	-0.951567	0.001375	-0.002655	-0.000946
58.104000	0.013869	0.004412	-0.951261	0.001629	-0.002561	-0.001219
58.152000	0.013946	0.004335	-0.951259	0.000951	-0.002466	-0.001313
58.200000	0.013860	0.004218	-0.951144	0.000905	-0.001846	-0.001306
58.248000	0.013664	0.004252	-0.951228	0.000768	-0.002132	-0.001539
58.296000	0.013581	0.004136	-0.951151	0.000912	-0.002076	-0.001257
58.344000	0.013621	0.004137	-0.951150	0.000522	-0.001975	-0.001070
58.392000	0.013303	0.004252	-0.951004	0.000192	-0.002067	-0.001301
58.440000	0.013344	0.004291	-0.951041	-0.000192	-0.002348	-0.001303
58.488000	0.013380	0.004294	-0.950847	-0.000141	-0.002390	-0.001208
58.536000	0.013496	0.004296	-0.950726	-0.000525	-0.002912	-0.001306
58.584000	0.013491	0.004220	-0.950571	-0.000329	-0.003241	-0.001260
58.632000	0.013610	0.004222	-0.950568	-0.000186	-0.003331	-0.001027
58.680000	0.013806	0.004186	-0.950484	-0.000323	-0.002522	-0.001297
58.728000	0.013647	0.004185	-0.950449	-0.000559	-0.002663	-0.001483
58.776000	0.013727	0.004026	-0.950641	-0.000072	-0.002040	-0.001380
58.824000	0.013564	0.004026	-0.950490	-0.000322	-0.002177	-0.001058
58.872000	0.013601	0.003909	-0.950526	-0.000511	-0.002080	-0.001195
58.920000	0.013442	0.003907	-0.950530	-0.000505	-0.002459	-0.001290
58.968000	0.013324	0.003785	-0.950726	-0.000665	-0.002403	-0.000687
59.016000	0.013038	0.003669	-0.950461	-0.000466	-0.002067	-0.000774
59.064000	0.012916	0.003669	-0.950348	-0.000201	-0.002593	-0.001424
59.112000	0.012838	0.003547	-0.950544	-0.000055	-0.002350	-0.001327
59.160000	0.012723	0.003623	-0.950665	0.000092	-0.002203	-0.001277
59.208000	0.012601	0.003821	-0.950319	-0.000060	-0.002288	-0.000859
59.256000	0.012763	0.003863	-0.950354	-0.000451	-0.002233	-0.000626
59.304000	0.012919	0.003747	-0.950388	0.000027	-0.002410	-0.000067
59.352000	0.013043	0.003865	-0.950462	-0.000159	-0.003310	-0.000212
59.400000	0.013356	0.003714	-0.950375	-0.000164	-0.003443	0.000159
