less20
Type	start		end		Perid		length/angle
yaw
accX	30.250000	33.450000	3.200000	-0.022227
accY	30.250000	33.450000	3.200000	-0.014633
accZ	30.250000	33.450000	3.200000	-5.066739
Pitch	30.250000	33.450000	3.200000	0.045912
Roll	30.250000	33.450000	3.200000	0.001737
yaw	30.250000	33.450000	3.200000	1.566331



yaw
accX	36.200000	38.600000	2.400000	-0.014395
accY	36.200000	38.600000	2.400000	0.014328
accZ	36.200000	38.600000	2.400000	-2.860315
Pitch	36.200000	38.600000	2.400000	-0.003343
Roll	36.200000	38.600000	2.400000	-0.007098
yaw	36.200000	38.600000	2.400000	-1.531021



