0.000000 0.000000 0.000000 200.463956 293.057301
0.000000 508.000000 0.000000 209.803069 249.092072
0.000000 1016.000000 0.000000 217.870370 214.059259
0.000000 1524.000000 0.000000 225.213592 185.048544
406.000000 0.000000 0.000000 249.661261 293.059459
406.000000 508.000000 0.000000 254.002577 248.721649
406.000000 1016.000000 0.000000 257.777027 213.581081
406.000000 1524.000000 0.000000 261.589623 185.014151
812.000000 0.000000 0.000000 299.694946 293.093863
812.000000 508.000000 0.000000 298.819549 249.082707
812.000000 1016.000000 0.000000 298.197842 214.071942
812.000000 1524.000000 0.000000 297.956731 185.024038
1218.000000 0.000000 0.000000 349.795620 293.065693
1218.000000 508.000000 0.000000 343.746154 249.071795
1218.000000 1016.000000 0.000000 338.472325 214.062731
1218.000000 1524.000000 0.000000 334.263158 185.636364
1624.000000 0.000000 0.000000 398.073705 291.683267
1624.000000 508.000000 0.000000 387.105263 249.065789
1624.000000 1016.000000 0.000000 377.434457 214.940075
1624.000000 1524.000000 0.000000 369.722222 186.626263
2030.000000 0.000000 0.000000 443.210870 290.736957
2030.000000 508.000000 0.000000 427.964706 249.573529
2030.000000 1016.000000 0.000000 415.188235 215.866667
2030.000000 1524.000000 0.000000 404.196891 188.036269
2436.000000 0.000000 0.000000 485.132678 289.636364
2436.000000 508.000000 0.000000 466.708333 249.544872
2436.000000 1016.000000 0.000000 450.653509 216.517544
2436.000000 1524.000000 0.000000 436.919540 189.201149
2842.000000 0.000000 0.000000 522.767908 288.535817
2842.000000 508.000000 0.000000 502.000000 250.000000
2842.000000 1016.000000 0.000000 483.717703 217.956938
2842.000000 1524.000000 0.000000 468.080247 190.962963
