2842.000000 1524.000000 0.000000 100.914201 227.213018
2842.000000 1016.000000 0.000000 115.611538 189.053846
2842.000000 508.000000 0.000000 128.642512 156.917874
2842.000000 0.000000 0.000000 140.105590 130.316770
2436.000000 1524.000000 0.000000 139.303430 222.918206
2436.000000 1016.000000 0.000000 151.205575 184.271777
2436.000000 508.000000 0.000000 161.729730 151.864865
2436.000000 0.000000 0.000000 170.977011 125.321839
2030.000000 1524.000000 0.000000 180.966587 218.799523
2030.000000 1016.000000 0.000000 189.659091 179.152597
2030.000000 508.000000 0.000000 197.238298 147.212766
2030.000000 0.000000 0.000000 203.862637 120.967033
1624.000000 1524.000000 0.000000 225.296380 214.203620
1624.000000 1016.000000 0.000000 229.954268 174.332317
1624.000000 508.000000 0.000000 233.925620 142.566116
1624.000000 0.000000 0.000000 237.510753 116.682796
1218.000000 1524.000000 0.000000 271.270925 209.627753
1218.000000 1016.000000 0.000000 271.462462 169.978979
1218.000000 508.000000 0.000000 271.593496 138.528455
1218.000000 0.000000 0.000000 272.521739 112.608696
812.000000 1524.000000 0.000000 318.653105 205.235546
812.000000 1016.000000 0.000000 314.195335 166.285714
812.000000 508.000000 0.000000 310.760000 135.256000
812.000000 0.000000 0.000000 307.783069 109.322751
406.000000 1524.000000 0.000000 365.532609 201.017391
406.000000 1016.000000 0.000000 356.723214 162.657738
406.000000 508.000000 0.000000 348.975510 132.224490
406.000000 0.000000 0.000000 342.456989 106.892473
0.000000 1524.000000 0.000000 411.357143 197.730952
0.000000 1016.000000 0.000000 398.063091 159.835962
0.000000 508.000000 0.000000 386.669492 129.796610
0.000000 0.000000 0.000000 376.890110 104.796703
