0.000000 0.000000 0.000000 204.965278 153.354167
0.000000 508.000000 0.000000 241.690476 149.873016
0.000000 1016.000000 0.000000 275.082569 146.908257
0.000000 1524.000000 0.000000 306.173469 144.714286
406.000000 0.000000 0.000000 214.491429 169.320000
406.000000 508.000000 0.000000 253.156863 164.875817
406.000000 1016.000000 0.000000 288.075758 161.098485
406.000000 1524.000000 0.000000 320.319328 158.117647
812.000000 0.000000 0.000000 224.938095 187.319048
812.000000 508.000000 0.000000 266.125000 182.032609
812.000000 1016.000000 0.000000 302.868421 177.546053
812.000000 1524.000000 0.000000 335.879699 173.548872
1218.000000 0.000000 0.000000 237.660305 208.702290
1218.000000 508.000000 0.000000 281.120536 201.776786
1218.000000 1016.000000 0.000000 319.489474 195.736842
1218.000000 1524.000000 0.000000 353.859873 190.579618
1624.000000 0.000000 0.000000 253.226190 233.511905
1624.000000 508.000000 0.000000 298.377698 224.636691
1624.000000 1016.000000 0.000000 337.762115 216.647577
1624.000000 1524.000000 0.000000 372.814815 209.825397
2030.000000 0.000000 0.000000 270.766423 262.199513
2030.000000 508.000000 0.000000 318.000000 250.494048
2030.000000 1016.000000 0.000000 358.970480 240.579336
2030.000000 1524.000000 0.000000 394.275701 231.570093
2436.000000 0.000000 0.000000 291.342967 295.493256
2436.000000 508.000000 0.000000 340.543478 280.579710
2436.000000 1016.000000 0.000000 382.814241 267.346749
2436.000000 1524.000000 0.000000 418.067194 255.901186
2842.000000 0.000000 0.000000 315.313846 333.878462
2842.000000 508.000000 0.000000 366.187625 314.528942
2842.000000 1016.000000 0.000000 408.591146 297.533854
2842.000000 1524.000000 0.000000 443.587629 282.508591
