0.000000 0.000000 0.000000 181.417778 124.555556
0.000000 508.000000 0.000000 221.322917 105.807292
0.000000 1016.000000 0.000000 258.201183 88.656805
0.000000 1524.000000 0.000000 291.642384 73.721854
406.000000 0.000000 0.000000 202.590734 136.660232
406.000000 508.000000 0.000000 243.641860 116.218605
406.000000 1016.000000 0.000000 281.213542 97.973958
406.000000 1524.000000 0.000000 315.411043 81.852761
812.000000 0.000000 0.000000 226.055738 150.022951
812.000000 508.000000 0.000000 268.400749 127.895131
812.000000 1016.000000 0.000000 306.972851 108.253394
812.000000 1524.000000 0.000000 341.365079 91.026455
1218.000000 0.000000 0.000000 253.059946 165.460490
1218.000000 508.000000 0.000000 296.445513 141.391026
1218.000000 1016.000000 0.000000 335.204633 120.038610
1218.000000 1524.000000 0.000000 369.757848 101.327354
1624.000000 0.000000 0.000000 283.813084 183.028037
1624.000000 508.000000 0.000000 328.013587 156.627717
1624.000000 1016.000000 0.000000 367.187773 133.170306
1624.000000 1524.000000 0.000000 401.357724 113.024390
2030.000000 0.000000 0.000000 318.527514 203.119545
2030.000000 508.000000 0.000000 362.974596 173.628176
2030.000000 1016.000000 0.000000 402.291785 147.861190
2030.000000 1524.000000 0.000000 435.573427 125.877622
