0.000000 0.000000 0.000000 65.955882 57.691176
406.000000 0.000000 0.000000 118.582090 54.044776
812.000000 0.000000 0.000000 202.023810 50.380952
1218.000000 0.000000 0.000000 276.969849 32.549414
1624.000000 0.000000 0.000000 299.025000 29.362500
2030.000000 0.000000 0.000000 405.571429 21.642857
0.000000 508.000000 0.000000 78.880435 58.336957
406.000000 508.000000 0.000000 127.150000 62.850000
812.000000 508.000000 0.000000 243.807407 148.992593
1218.000000 508.000000 0.000000 296.727273 78.857143
1624.000000 508.000000 0.000000 -1.#QNAN0 -34592444786328792000000000000000000000000000000000000000000000000000000000000000000000000000000000000000000000000000000000000000000000000000000000000000000000000000000000000000000000000000000000000000000000000000000000000000000000000000000000000000000000000000000000000000000.000000
2030.000000 508.000000 0.000000 -1.#QNAN0 -34592444786328792000000000000000000000000000000000000000000000000000000000000000000000000000000000000000000000000000000000000000000000000000000000000000000000000000000000000000000000000000000000000000000000000000000000000000000000000000000000000000000000000000000000000000000.000000
0.000000 1016.000000 0.000000 207.177632 152.407895
406.000000 1016.000000 0.000000 290.243056 160.437500
812.000000 1016.000000 0.000000 255.341615 163.987578
1218.000000 1016.000000 0.000000 338.194444 172.881944
1624.000000 1016.000000 0.000000 -1.#QNAN0 -34592444786328792000000000000000000000000000000000000000000000000000000000000000000000000000000000000000000000000000000000000000000000000000000000000000000000000000000000000000000000000000000000000000000000000000000000000000000000000000000000000000000000000000000000000000000.000000
2030.000000 1016.000000 0.000000 -1.#QNAN0 -34592444786328792000000000000000000000000000000000000000000000000000000000000000000000000000000000000000000000000000000000000000000000000000000000000000000000000000000000000000000000000000000000000000000000000000000000000000000000000000000000000000000000000000000000000000000.000000
0.000000 1524.000000 0.000000 216.591160 168.281768
406.000000 1524.000000 0.000000 304.812121 176.830303
812.000000 1524.000000 0.000000 267.907692 181.323077
1218.000000 1524.000000 0.000000 355.587879 189.981818
1624.000000 1524.000000 0.000000 402.717949 196.641026
2030.000000 1524.000000 0.000000 426.750000 196.750000
