2030.000000 1524.000000 0.000000 212.311155 268.567515
2030.000000 1016.000000 0.000000 221.078167 227.571429
2030.000000 508.000000 0.000000 228.753571 194.767857
2030.000000 0.000000 0.000000 235.085308 168.023697
1624.000000 1524.000000 0.000000 259.693182 268.568182
1624.000000 1016.000000 0.000000 263.565789 227.279605
1624.000000 508.000000 0.000000 267.035714 194.021429
1624.000000 0.000000 0.000000 270.088372 167.032558
1218.000000 1524.000000 0.000000 308.834286 267.800000
1218.000000 1016.000000 0.000000 307.320707 226.911616
1218.000000 508.000000 0.000000 306.463158 194.014035
1218.000000 0.000000 0.000000 305.952381 167.014286
812.000000 1524.000000 0.000000 356.635317 267.562380
812.000000 1016.000000 0.000000 350.507979 226.550532
812.000000 508.000000 0.000000 345.465201 194.021978
812.000000 0.000000 0.000000 340.962617 167.065421
406.000000 1524.000000 0.000000 403.148936 267.065957
406.000000 1016.000000 0.000000 392.307479 226.590028
406.000000 508.000000 0.000000 383.188462 194.400000
406.000000 0.000000 0.000000 375.697115 168.057692
0.000000 1524.000000 0.000000 447.041284 266.256881
0.000000 1016.000000 0.000000 432.478125 227.106250
0.000000 508.000000 0.000000 419.621514 195.159363
0.000000 0.000000 0.000000 409.236715 169.169082
