0.000000 0.000000 0.000000 176.843177 230.655804
0.000000 508.000000 0.000000 185.951567 189.401709
0.000000 1016.000000 0.000000 193.981481 155.459259
0.000000 1524.000000 0.000000 201.129808 127.850962
406.000000 0.000000 0.000000 221.900196 226.252446
406.000000 508.000000 0.000000 227.021448 184.788204
406.000000 1016.000000 0.000000 231.543165 151.017986
406.000000 1524.000000 0.000000 235.586854 123.474178
812.000000 0.000000 0.000000 269.134078 221.821229
812.000000 508.000000 0.000000 269.478481 180.397468
812.000000 1016.000000 0.000000 270.484429 146.705882
812.000000 1524.000000 0.000000 270.853081 119.668246
1218.000000 0.000000 0.000000 317.237383 217.669159
1218.000000 508.000000 0.000000 313.062972 176.740554
1218.000000 1016.000000 0.000000 309.608997 143.525952
1218.000000 1524.000000 0.000000 306.722467 116.506608
1624.000000 0.000000 0.000000 366.119772 213.583650
1624.000000 508.000000 0.000000 356.994885 173.191816
1624.000000 1016.000000 0.000000 349.309735 140.460177
1624.000000 1524.000000 0.000000 343.013953 113.893023
2030.000000 0.000000 0.000000 412.649194 210.090726
2030.000000 508.000000 0.000000 399.230563 170.474531
2030.000000 1016.000000 0.000000 387.931408 138.025271
2030.000000 1524.000000 0.000000 378.136792 111.938679
