2030.000000 0.000000 0.000000 211.543165 201.309353
1624.000000 0.000000 0.000000 238.077869 177.094262
1218.000000 0.000000 0.000000 262.700461 155.267281
812.000000 0.000000 0.000000 284.812834 135.631016
406.000000 0.000000 0.000000 305.314815 118.049383
0.000000 0.000000 0.000000 323.941176 102.084967
2030.000000 508.000000 0.000000 250.913174 208.586826
1624.000000 508.000000 0.000000 276.982818 182.769759
1218.000000 508.000000 0.000000 301.280488 159.308943
812.000000 508.000000 0.000000 322.592417 138.421801
406.000000 508.000000 0.000000 342.327778 120.005556
0.000000 508.000000 0.000000 360.377246 103.257485
2030.000000 1016.000000 0.000000 295.695652 217.108696
1624.000000 1016.000000 0.000000 321.386100 189.131274
1218.000000 1016.000000 0.000000 344.582492 164.067340
812.000000 1016.000000 0.000000 365.024096 141.899598
406.000000 1016.000000 0.000000 383.187500 122.346154
0.000000 1016.000000 0.000000 399.591398 104.844086
2030.000000 1524.000000 0.000000 347.332653 227.083673
1624.000000 1524.000000 0.000000 371.567961 196.701456
1218.000000 1524.000000 0.000000 392.917889 169.733138
812.000000 1524.000000 0.000000 411.723776 146.353147
406.000000 1524.000000 0.000000 428.461864 125.572034
0.000000 1524.000000 0.000000 443.254808 107.182692
