0.000000 1524.000000 0.000000 198.356322 169.672414
406.000000 1524.000000 0.000000 224.065359 157.490196
812.000000 1524.000000 0.000000 247.940741 146.681481
1218.000000 1524.000000 0.000000 269.622951 137.139344
1624.000000 1524.000000 0.000000 289.603774 128.500000
2030.000000 1524.000000 0.000000 307.478723 120.851064
0.000000 1016.000000 0.000000 223.621005 184.940639
406.000000 1016.000000 0.000000 250.317460 171.185185
812.000000 1016.000000 0.000000 274.179012 159.043210
1218.000000 1016.000000 0.000000 295.928571 148.521429
1624.000000 1016.000000 0.000000 315.500000 139.000000
2030.000000 1016.000000 0.000000 333.046729 130.551402
0.000000 508.000000 0.000000 253.513109 203.003745
406.000000 508.000000 0.000000 280.387234 187.417021
812.000000 508.000000 0.000000 304.162437 173.578680
1218.000000 508.000000 0.000000 325.517647 161.811765
1624.000000 508.000000 0.000000 344.579310 150.986207
2030.000000 508.000000 0.000000 361.391667 141.750000
0.000000 0.000000 0.000000 288.224090 223.971989
406.000000 0.000000 0.000000 314.666667 205.912281
812.000000 0.000000 0.000000 338.129310 190.116379
1218.000000 0.000000 0.000000 358.264249 176.606218
1624.000000 0.000000 0.000000 376.429448 164.496933
2030.000000 0.000000 0.000000 392.104478 154.171642
